0
17.099999999998545
24.15840762470907
27.099999999998545
34.15840762470907
34.566383917059284
44.15840762470907
54.263251776166726
64.26325177613762
67.10000000000582
138.70364718092605
148.5828877199092
149.1071926310542
158.3049458822352
158.49881068966351
159.58299711090513
167.09999999997672
168.18418642121833
169.58299711090513
169.58299711102154
269.46750589157455
277.10000000009313
279.5723506642971
279.67719543678686
281.48865605914034
287.10000000009313
290.3570338918362
300.77371595147997
300.87856044853106
321.402782933088
380.0922267215792
607.1000000000931
0
24.15840762470907
27.099999999998545
34.15840762470907
37.099999999998545
44.15840762470907
44.158407624752726
44.23151297114964
44.263251776166726
44.35227243218105
54.35227243218105
57.10000000000582
64.14249231512076
64.26325177613762
138.70364718092605
147.09999999997672
149.1071926310542
157.09999999997672
158.18418642121833
158.3049458822352
159.58299711090513
167.09999999997672
168.18418642121833
168.3049458822934
168.4097900337074
259.7930253429804
269.3943240442313
279.3943240442313
280.1790072717704
290.0582478106953
299.75693376967683
309.75693376967683
