0
14.356864143537678
136.30638543433088
145.9076841356291
146.7099317109787
147.09999999999854
154.44059597273008
154.44059597275918
154.85997588459577
157.10000000000582
164.7875368979585
165.99883294603205
166.1195924070489
174.4265940898913
175.99883294594474
1058.1045011078822
1138.0909320757492
0
14.356864143537678
136.30638543433088
144.44059597273008
145.9076841356291
146.7099317109787
154.85997588448663
155.9076841356582
157.10000000000582
164.7875368979585
165.89398796809837
165.99883294603205
166.1195924070489
166.78947864929796
174.70875961723505
258.6358956156182
259.3047970274347
268.80650242156116
269.1388824195019
271.30329226114554
278.0566774986801
297.9359180376632
376.4924353993847
415.676056118682
417.0999999999767
418.04076268861536
421.5235684461077
1128.7883346731542
0
14.356864143537678
136.30638543433088
144.44059597273008
144.8599758845303
146.3270640474293
146.7099317109787
154.44059597273008
156.2063045863615
157.10000000000582
167.10000000000582
174.4265940898913
258.7540800960851
268.0566774986801
268.3346193363541
268.80650242156116
278.0566774986801
279.1388824195019
287.9359180376632
288.0566774986801
290.2210873403237
297.0999999999767
297.9359180376632
318.21169153694063
358.21169153694063
568.4213808390778
728.4213808390778
758.2116915369406
908.2116915369406
1068.2116915369406
1258.4213808390778
1418.4213808390778
1498.4213808390778
1598.4213808390778
1668.4213808390778
1764.287695669802
1888.2116915369406
2020.0636194109684
2128.316536188009
2238.2116915369406
2358.316536188009
2478.4213808390778
2618.4213808390778
2748.3006213780027
2858.2116915369406
2948.2116915369406
3078.2116915369406
3218.195776726934
3398.4213808390778
3498.4213808390778
3558.4213808390778
3688.4213808390778
3788.4213808390778
3887.79052967811
3998.316536188009
4098.211691536941
4198.421380839078
4298.421380839078
4408.211691536941
4528.316536188009
4588.421380839078
4628.421380839078
4730.168464062037
4828.421380839078
4928.421380839078
4988.421380839078
4998.421380839078
5098.421380839078
5207.79052967811
5317.79052967811
5338.211691536941
5378.316536188009
6098.211691536941
6198.211691536941
6288.316536188009
6408.316536188009
6498.421380839078
6538.211691536941
6559.9587747599
6688.421380839078
6798.211691536941
6828.316536188009
6887.580840375973
6968.211691536941
7058.421380839078
7158.421380839078
7227.580840375973
7328.316536188009
7428.316536188009
7498.090932075866
7587.6856850270415
7668.421380839078
7758.421380839078
7848.421380839078
7958.421380839078
8068.421380839078
8128.421380839078
8218.421380839078
8338.421380839078
8388.421380839078
8528.21169153694
8608.31653618801
8708.421380839078
8778.421380839078
8858.421380839078
8948.421380839078
9018.421380839078
9168.21169153694
9239.9587747599
9338.421380839078
9408.21169153694
9498.21169153694
9578.421380839078
9678.421380839078
9758.21169153694
9758.264113862417
0
14.356864143537678
136.30638543433088
145.9076841356291
146.7099317109787
154.85997588448663
154.85997588459577
157.10000000000582
166.58574042431428
176.1195924070489
1058.1045011078822
1108.2663668005844
1188.05667749868
1277.503333356697
1388.2663668005844
1508.05667749868
1608.2663668005844
1718.05667749868
1728.2663668005844
1758.05667749868
1768.1456073395675
1857.9359180376632
1938.1456073395675
1968.1456073395675
2006.3716759383678
2058.0407626886154
2088.1456073395675
2098.1456073395675
2117.935918037663
2441.384482250549
2498.0407626886154
2538.2663668005844
2558.2663668005844
2568.0407626886154
2618.0407626886154
2688.161522149632
2748.2663668005844
2808.2663668005844
2857.7130226586014
2898.2663668005844
2948.2663668005844
3008.2663668005844
3068.05667749868
3118.2663668005844
3188.580900753441
3227.7130226586014
3267.7130226586014
3298.2663668005844
3358.2663668005844
3665.271848140168
3686.5557168301893
3708.0407626886154
3727.0999999999767
3728.0407626886154
3737.935918037663
3744.7377269736025
3744.8425716245547
3758.1456073395675
3764.2292542170617
3778.1456073395675
3834.0195649151574
3851.908839159645
3868.1456073395675
3868.619421659794
3875.5260752466857
3877.0999999999767
3894.8603355137166
3904.8603355137166
3919.8553779367357
3925.952319802309
3926.622038339323
3942.231269747368
3955.5962614613236
3958.1456073395675
