3439009.7574015358
3439019.7574015358
3439029.7574015358
3439039.7574015358
3439049.7574015358
3439059.7574015358
3439009.7574015358
3439019.7574015358
3439029.7574015358
3439039.7574015358
3439049.7574015358
3439059.7574015358
3439009.7574015358
3439019.7574015358
3439029.7574015358
3439039.7574015358
3439049.7574015358
3439059.7574015358
3439009.7574015358
3439019.7574015358
3439029.7574015358
3439039.7574015358
3439049.7574015358
3439059.7574015358
3439009.7574015358
3439019.7574015358
3439029.7574015358
3439039.7574015358
3439049.7574015358
3439059.7574015358
3439009.7574015358
3439019.7574015358
3439029.7574015358
3439039.7574015358
3439049.7574015358
3439059.7574015358
3439009.7574015358
3439019.7574015358
3439029.7574015358
3439039.7574015358
3439049.7574015358
3439059.7574015358
3439000.7475711796
3439010.7475711796
3439020.7475711796
3439030.8126726844
3439040.7475711796
3439060.7475711796
