2204003.7012093156
2204003.7012170013
2204006.0
2204016.0
2204026.0
2204036.0
2204046.0
2204056.0
2204066.0
2204076.0
2204086.0
2204096.0
2204106.0
2204116.0
2204126.0
2204136.0
2204146.0
2204156.0
2204166.0
2204176.0
2204186.0
2204196.0
2204206.0
2204216.0
2204226.0
2204236.0
2204246.0
2204256.0
2204266.0
2204276.0
2204286.0
2204296.0
2204306.0
2204316.0
2204326.0
2204336.0
2204341.6012093155
2204341.601217001
2204346.0
2204356.0
2204366.0
2204376.0
2204386.0
2204396.0
2204406.0
2204416.0
2204426.0
2204436.0
2204446.0
2204456.0
2204466.0
2204476.0
2204486.0
2204496.0
2204506.0
2204516.0
2204526.0
2204536.0
2204546.0
2204556.0
2204566.0
2204576.0
2204586.0
2204596.0
2204606.0
2204616.0
2204626.0
2204636.0
2204646.0
2204656.0
2204666.0
2204676.0
2204686.0
2204696.0
2204706.0
2204716.0
2204726.0
2204736.0
2204746.0
2453006.0
2453015.477627961
2453015.4776356467
2453016.0
2453025.477627961
2453025.4776356467
2453026.0
2453035.477627961
2453035.4776356467
2453036.0
2453046.0
2453046.09789501
2453046.0979026956
2453046.0979103814
2453046.097918067
2453056.0
2453066.0
2453076.0
2453085.0560622113
2453085.056069897
2453085.4004924125
2453085.4005000982
2453086.0
2453095.45476351
2453095.4547711955
2453096.0
2453105.477627961
2453105.4776356467
2453106.0
2453115.4004924125
2453115.4005000982
2453116.0
2453125.45476351
2453125.4547711955
2453126.0
2453136.0
2453146.0
2453156.0
2453166.0
2453176.0
2453180.6398445694
2453180.639852255
2453186.0
2453196.0
2453206.0
2453216.0
2453226.0
2453236.0
2453246.0
2453256.0
2453266.0
2453276.0
2453286.0
2453296.0
2453306.0
2453316.0
2453326.0
2453336.0
2453346.0
2453356.0
2453366.0
2453376.0
2453386.0
2453396.0
2453406.0
2453416.0
2453426.0
2453436.0
2453446.0
2453456.0
2453466.0
2453476.0
2453486.0
2453496.0
2453506.0
2453516.0
2453526.0
2453536.0
2453546.0
2453556.0
2453566.0
2453576.0
2453586.0
2453596.0
2453606.0
2453616.0
2453626.0
2453636.0
2453646.0
2453656.0
2453666.0
2453676.0
2453686.0
2453696.0
2453698.6398445694
2453698.639852255
2453706.0
2453716.0
2453726.0
2453736.0
2453746.0
3439006.0
3439006.062171535
3439016.0
3439016.062171535
3439026.0
3439026.1498245145
3439036.0
3439036.062171535
3439046.0
3439046.003583609
3439056.0
3439056.062171535
3439066.0
3439066.062171535
3439076.0
3439086.0
3439096.0
3439096.003583609
3439106.0
3439106.062171535
3439116.0
3439116.062171535
3439126.0
3439126.003583609
3439136.0
3439146.0
3439156.0
3439166.0
3439176.0
3439186.0
3439196.0
3439206.0
3439216.0
3439226.0
3439236.0
3439246.0
3439256.0
3439266.0
3439276.0
3439286.0
3439296.0
3439306.0
3439316.0
3439326.0
3439336.0
3439346.0
3439356.0
3439366.0
3439376.0
3439386.0
3439396.0
3439406.0
3439416.0
3439426.0
3439436.0
3439446.0
3439456.0
3439466.0
3439476.0
3439486.0
3439496.0
3439506.0
3439516.0
3439526.0
3439536.0
3439546.0
3439556.0
3439566.0
3439576.0
3439586.0
3439596.0
3439606.0
3439616.0
3439626.0
3439636.0
3439646.0
3439656.0
3439666.0
3439676.0
3439686.0
3439696.0
3439706.0
3439716.0
3439726.0
3439736.0
3439746.0
3439756.0
3439766.0
3439776.0
3439786.0
3439796.0
3439806.0
3439816.0
3439826.0
3439836.0
3439846.0
3439856.0
3439866.0
3439876.0
3439886.0
3439896.0
3439906.0
3439916.0
3439926.0
3439936.0
3439946.0
3439956.0
3439966.0
3439976.0
2204003.7012093156
2204003.7012170013
2204006.0
2204016.0
2204026.0
2204036.0
2204046.0
2204056.0
2204066.0
2204076.0
2204086.0
2204096.0
2204106.0
2204116.0
2204126.0
2204136.0
2204146.0
2204156.0
2204166.0
2204176.0
2204186.0
2204196.0
2204206.0
2204216.0
2204226.0
2204236.0
2204246.0
2204256.0
2204266.0
2204276.0
2204286.0
2204296.0
2204306.0
2204316.0
2204326.0
2204336.0
2204341.6012093155
2204341.601217001
2204346.0
2204356.0
2204366.0
2204376.0
2204386.0
2204396.0
2204406.0
2204416.0
2204426.0
2204436.0
2204446.0
2204456.0
2204466.0
2204476.0
2204486.0
2204496.0
2204506.0
2204516.0
2204526.0
2204536.0
2204546.0
2204556.0
2204566.0
2204576.0
2204586.0
2204596.0
2204606.0
2204616.0
2204626.0
2204636.0
2204646.0
2204656.0
2204666.0
2204676.0
2204686.0
2204696.0
2204706.0
2204716.0
2204726.0
2204736.0
2204746.0
2453005.799193711
2453005.7992013968
2453006.0
2453015.799193711
2453015.7992013968
2453016.0
2453025.799193711
2453025.7992013968
2453026.0
2453035.799193711
2453035.7992013968
2453036.0
2453045.799193711
2453045.7992013968
2453046.0
2453055.799193711
2453055.7992013968
2453056.0
2453066.0
2453076.0
2453085.477627961
2453085.4776356467
2453086.0
2453095.477627961
2453095.4776356467
2453096.0
2453106.0
2453115.477627961
2453115.4776356467
2453116.0
2453125.477627961
2453125.4776356467
2453126.0
2453136.0
2453146.0
2453156.0
2453166.0
2453176.0
2453180.6398445694
2453180.639852255
2453186.0
2453196.0
2453206.0
2453216.0
2453226.0
2453236.0
2453246.0
2453256.0
2453266.0
2453276.0
2453286.0
2453296.0
2453306.0
2453316.0
2453326.0
2453336.0
2453346.0
2453356.0
2453366.0
2453376.0
2453386.0
2453396.0
2453406.0
2453416.0
2453426.0
2453436.0
2453446.0
2453456.0
2453466.0
2453476.0
2453486.0
2453496.0
2453506.0
2453516.0
2453526.0
2453536.0
2453546.0
2453556.0
2453566.0
2453576.0
2453586.0
2453596.0
2453606.0
2453616.0
2453626.0
2453636.0
2453646.0
2453656.0
2453666.0
2453676.0
2453686.0
2453696.0
2453698.6398445694
2453698.639852255
2453706.0
2453716.0
2453726.0
2453736.0
2453746.0
3439006.0
3439016.0
3439016.003583609
3439026.0
3439026.062171535
3439036.0
3439036.1498245145
3439046.0
3439056.0
3439056.062171535
3439066.0
3439066.1498245145
3439076.0
3439076.1498245145
3439086.0
3439086.1498245145
3439096.0
3439096.062171535
3439106.0
3439106.1498245145
3439116.0
3439116.062171535
3439126.0
3439136.0
3439146.0
3439156.0
3439166.0
3439176.0
3439186.0
3439196.0
3439206.0
3439216.0
3439226.0
3439236.0
3439246.0
3439256.0
3439266.0
3439276.0
3439286.0
3439296.0
3439306.0
3439316.0
3439326.0
3439336.0
3439346.0
3439356.0
3439366.0
3439376.0
3439386.0
3439396.0
3439406.0
3439416.0
3439426.0
3439436.0
3439446.0
3439456.0
3439466.0
3439476.0
3439486.0
3439496.0
3439506.0
3439509.3512497265
3439516.0
3439526.0
3439536.0
3439546.0
3439556.0
3439566.0
3439576.0
3439586.0
3439596.0
3439606.0
3439616.0
3439626.0
3439636.0
3439646.0
3439656.0
3439666.0
3439676.0
3439686.0
3439696.0
3439706.0
3439716.0
3439726.0
3439736.0
3439746.0
3439756.0
3439766.0
3439776.0
3439786.0
3439796.0
3439806.0
3439816.0
3439826.0
3439836.0
3439846.0
3439856.0
3439866.0
3439876.0
3439886.0
3439896.0
3439906.0
3439916.0
3439926.0
3439936.0
3439946.0
3439956.0
3439966.0
3439976.0
2204006.0
2204016.0
2204026.0
2204036.0
2204046.0
2204056.0
2204066.0
2204076.0
2204086.0
2204096.0
2204106.0
2204116.0
2204126.0
2204136.0
2204146.0
2204156.0
2204166.0
2204176.0
2204186.0
2204196.0
2204206.0
2204216.0
2204226.0
2204236.0
2204246.0
2204256.0
2204266.0
2204276.0
2204286.0
2204296.0
2204306.0
2204316.0
2204326.0
2204336.0
2204341.6012093155
2204341.601217001
2204346.0
2204356.0
2204366.0
2204376.0
2204386.0
2204396.0
2204406.0
2204416.0
2204426.0
2204436.0
2204446.0
2204456.0
2204466.0
2204476.0
2204486.0
2204496.0
2204506.0
2204516.0
2204526.0
2204536.0
2204546.0
2204556.0
2204566.0
2204576.0
2204586.0
2204596.0
2204606.0
2204616.0
2204626.0
2204636.0
2204646.0
2204656.0
2204666.0
2204676.0
2204686.0
2204696.0
2204706.0
2204716.0
2204726.0
2204736.0
2204746.0
2453005.799193711
2453005.7992013968
2453006.0
2453015.799193711
2453015.7992013968
2453016.0
2453025.799193711
2453025.7992013968
2453026.0
2453035.799193711
2453035.7992013968
2453036.0
2453046.0
2453055.477627961
2453055.4776356467
2453056.0
2453066.0
2453075.4004924125
2453075.4005000982
2453076.0
2453085.45476351
2453085.4547711955
2453086.0
2453096.0
2453096.09789501
2453096.0979026956
2453096.0979103814
2453096.097918067
2453106.0
2453115.477627961
2453115.4776356467
2453116.0
2453125.477627961
2453125.4776356467
2453126.0
2453136.0
2453146.0
2453156.0
2453166.0
2453176.0
2453180.6398445694
2453180.639852255
2453186.0
2453196.0
2453206.0
2453216.0
2453226.0
2453236.0
2453246.0
2453256.0
2453266.0
2453276.0
2453286.0
2453296.0
2453306.0
2453316.0
2453326.0
2453336.0
2453346.0
2453356.0
2453366.0
2453376.0
2453386.0
2453396.0
2453406.0
2453416.0
2453426.0
2453436.0
2453446.0
2453456.0
2453466.0
2453476.0
2453486.0
2453496.0
2453506.0
2453516.0
2453526.0
2453536.0
2453546.0
2453556.0
2453566.0
2453576.0
2453586.0
2453596.0
2453606.0
2453616.0
2453626.0
2453636.0
2453646.0
2453656.0
2453666.0
2453676.0
2453686.0
2453696.0
2453698.6398445694
2453698.639852255
2453706.0
2453716.0
2453726.0
2453736.0
2453746.0
3439006.0
3439006.062171535
3439016.0
3439016.062171535
3439026.0
3439026.1498245145
3439036.0
3439046.0
3439046.003583609
3439056.0
3439056.003583609
3439066.0
3439066.003583609
3439076.0
3439076.062171535
3439086.0
3439086.062171535
3439096.0
3439106.0
3439106.003583609
3439116.0
3439116.003583609
3439126.0
3439136.0
3439146.0
3439156.0
3439166.0
3439176.0
3439186.0
3439196.0
3439206.0
3439216.0
3439226.0
3439236.0
3439246.0
3439256.0
3439266.0
3439276.0
3439286.0
3439296.0
3439306.0
3439316.0
3439326.0
3439336.0
3439346.0
3439356.0
3439366.0
3439376.0
3439386.0
3439396.0
3439406.0
3439416.0
3439426.0
3439436.0
3439446.0
3439456.0
3439466.0
3439476.0
3439486.0
3439496.0
3439506.0
3439509.3512497265
3439516.0
3439526.0
3439536.0
3439546.0
3439556.0
3439566.0
3439576.0
3439586.0
3439596.0
3439606.0
3439616.0
3439626.0
3439636.0
3439646.0
3439656.0
3439666.0
3439676.0
3439686.0
3439696.0
3439706.0
3439716.0
3439726.0
3439736.0
3439746.0
3439756.0
3439766.0
3439776.0
3439786.0
3439796.0
3439806.0
3439816.0
3439826.0
3439836.0
3439846.0
3439856.0
3439866.0
3439876.0
3439886.0
3439896.0
3439906.0
3439916.0
3439926.0
3439936.0
3439946.0
3439956.0
3439966.0
3439976.0
2204006.0
2204016.0
2204026.0
2204036.0
2204046.0
2204056.0
2204066.0
2204076.0
2204086.0
2204096.0
2204106.0
2204116.0
2204126.0
2204136.0
2204146.0
2204156.0
2204166.0
2204176.0
2204186.0
2204196.0
2204206.0
2204216.0
2204226.0
2204236.0
2204246.0
2204256.0
2204266.0
2204276.0
2204286.0
2204296.0
2204306.0
2204316.0
2204326.0
2204336.0
2204341.6012093155
2204341.601217001
2204346.0
2204356.0
2204366.0
2204376.0
2204386.0
2204396.0
2204406.0
2204416.0
2204426.0
2204436.0
2204446.0
2204456.0
2204466.0
2204476.0
2204486.0
2204496.0
2204506.0
2204516.0
2204526.0
2204536.0
2204546.0
2204556.0
2204566.0
2204576.0
2204586.0
2204596.0
2204606.0
2204616.0
2204626.0
2204636.0
2204646.0
2204656.0
2204666.0
2204676.0
2204686.0
2204696.0
2204706.0
2204716.0
2204726.0
2204736.0
2204746.0
2453005.799193711
2453005.7992013968
2453006.0
2453015.799193711
2453015.7992013968
2453016.0
2453025.799193711
2453025.7992013968
2453026.0
2453035.799193711
2453035.7992013968
2453036.0
2453046.0
2453056.0
2453056.09789501
2453056.0979026956
2453056.0979103814
2453056.097918067
2453066.0
2453075.477627961
2453075.4776356467
2453076.0
2453085.799193711
2453085.7992013968
2453086.0
2453096.0
2453105.477627961
2453105.4776356467
2453106.0
2453116.0
2453125.477627961
2453125.4776356467
2453126.0
2453136.0
2453146.0
2453156.0
2453166.0
2453176.0
2453180.6398445694
2453180.639852255
2453186.0
2453196.0
2453206.0
2453216.0
2453226.0
2453236.0
2453246.0
2453256.0
2453266.0
2453276.0
2453286.0
2453296.0
2453306.0
2453316.0
2453326.0
2453336.0
2453346.0
2453356.0
2453366.0
2453376.0
2453386.0
2453396.0
2453406.0
2453416.0
2453426.0
2453436.0
2453446.0
2453456.0
2453466.0
2453476.0
2453486.0
2453496.0
2453506.0
2453516.0
2453526.0
2453536.0
2453546.0
2453556.0
2453566.0
2453576.0
2453586.0
2453596.0
2453606.0
2453616.0
2453626.0
2453636.0
2453646.0
2453656.0
2453666.0
2453676.0
2453686.0
2453696.0
2453698.6398445694
2453698.639852255
2453706.0
2453716.0
2453726.0
2453736.0
2453746.0
3439006.0
3439006.003583609
3439016.0
3439016.1498245145
3439026.0
3439026.003583609
3439036.0
3439036.1498245145
3439046.0
3439056.0
3439056.003583609
3439066.0
3439066.003583609
3439076.0
3439076.003583609
3439086.0
3439096.0
3439096.003583609
3439106.0
3439116.0
3439116.062171535
3439126.0
3439126.003583609
3439136.0
3439146.0
3439156.0
3439166.0
3439176.0
3439186.0
3439196.0
3439206.0
3439216.0
3439226.0
3439236.0
3439246.0
3439256.0
3439266.0
3439276.0
3439286.0
3439296.0
3439306.0
3439316.0
3439326.0
3439336.0
3439346.0
3439356.0
3439366.0
3439376.0
3439386.0
3439396.0
3439406.0
3439416.0
3439426.0
3439436.0
3439446.0
3439456.0
3439466.0
3439476.0
3439486.0
3439496.0
3439506.0
3439509.3512497265
3439516.0
3439526.0
3439536.0
3439546.0
3439556.0
3439566.0
3439576.0
3439586.0
3439596.0
3439606.0
3439616.0
3439626.0
3439636.0
3439646.0
3439656.0
3439666.0
3439676.0
3439686.0
3439696.0
3439706.0
3439716.0
3439726.0
3439736.0
3439746.0
3439756.0
3439766.0
3439776.0
3439786.0
3439796.0
3439806.0
3439816.0
3439826.0
3439836.0
3439846.0
3439856.0
3439866.0
3439876.0
3439886.0
3439896.0
3439906.0
3439916.0
3439926.0
3439936.0
3439946.0
3439956.0
3439966.0
3439976.0
2204003.721923203
2204003.721930889
2204006.0
2204016.0
2204026.0
2204036.0
2204046.0
2204056.0
2204066.0
2204076.0
2204086.0
2204096.0
2204106.0
2204116.0
2204126.0
2204136.0
2204146.0
2204156.0
2204166.0
2204176.0
2204186.0
2204196.0
2204206.0
2204216.0
2204226.0
2204236.0
2204246.0
2204256.0
2204266.0
2204276.0
2204286.0
2204296.0
2204306.0
2204316.0
2204326.0
2204336.0
2204341.6012093155
2204341.601217001
2204346.0
2204356.0
2204366.0
2204376.0
2204386.0
2204396.0
2204406.0
2204416.0
2204426.0
2204436.0
2204446.0
2204456.0
2204466.0
2204476.0
2204486.0
2204496.0
2204506.0
2204516.0
2204526.0
2204536.0
2204546.0
2204556.0
2204566.0
2204576.0
2204586.0
2204596.0
2204606.0
2204616.0
2204626.0
2204636.0
2204646.0
2204656.0
2204666.0
2204676.0
2204686.0
2204696.0
2204706.0
2204716.0
2204726.0
2204736.0
2204746.0
2453006.0
2453006.993998906
2453006.994006592
2453006.9940142776
2453006.9940219633
2453006.994029649
2453006.994037335
2453006.9940450205
2453006.9940527063
2453006.994060392
2453006.9940680778
2453016.0
2453016.993998906
2453016.994006592
2453016.9940142776
2453016.9940219633
2453016.994029649
2453016.994037335
2453016.9940450205
2453016.9940527063
2453016.994060392
2453016.9940680778
2453026.0
2453026.993998906
2453026.994006592
2453026.9940142776
2453026.9940219633
2453026.994029649
2453026.994037335
2453026.9940450205
2453026.9940527063
2453026.994060392
2453026.9940680778
2453036.0
2453036.993998906
2453036.994006592
2453036.9940142776
2453036.9940219633
2453036.994029649
2453036.994037335
2453036.9940450205
2453036.9940527063
2453036.994060392
2453036.9940680778
2453046.0
2453046.993998906
2453046.994006592
2453046.9940142776
2453046.9940219633
2453046.994029649
2453046.994037335
2453046.9940450205
2453046.9940527063
2453046.994060392
2453046.9940680778
2453056.0
2453056.993998906
2453056.994006592
2453056.9940142776
2453056.9940219633
2453056.994029649
2453056.994037335
2453056.9940450205
2453056.9940527063
2453056.994060392
2453056.9940680778
2453066.0
2453075.77632926
2453075.7763369456
2453076.0
2453085.799193711
2453085.7992013968
2453086.0
2453095.799193711
2453095.7992013968
2453096.0
2453105.799193711
2453105.7992013968
2453106.0
2453116.0
2453125.799193711
2453125.7992013968
2453126.0
2453136.0
2453146.0
2453156.0
2453166.0
2453176.0
2453180.6398445694
2453180.639852255
2453186.0
2453196.0
2453206.0
2453216.0
2453226.0
2453236.0
2453246.0
2453256.0
2453266.0
2453276.0
2453286.0
2453296.0
2453306.0
2453316.0
2453326.0
2453336.0
2453346.0
2453356.0
2453366.0
2453376.0
2453386.0
2453396.0
2453406.0
2453416.0
2453426.0
2453436.0
2453446.0
2453456.0
2453466.0
2453476.0
2453486.0
2453496.0
2453506.0
2453516.0
2453526.0
2453536.0
2453546.0
2453556.0
2453566.0
2453576.0
2453586.0
2453596.0
2453606.0
2453616.0
2453626.0
2453636.0
2453646.0
2453656.0
2453666.0
2453676.0
2453686.0
2453696.0
2453698.6398445694
2453698.639852255
2453706.0
2453716.0
2453726.0
2453736.0
2453746.0
3439006.0
3439006.1498245145
3439016.0
3439016.062171535
3439026.0
3439026.062171535
3439036.0
3439036.003583609
3439046.0
3439046.062171535
3439056.0
3439056.003583609
3439066.0
3439066.062171535
3439076.0
3439076.1498245145
3439086.0
3439086.003583609
3439096.0
3439096.062171535
3439106.0
3439106.1498245145
3439116.0
3439116.003583609
3439126.0
3439126.1498245145
3439136.0
3439146.0
3439156.0
3439166.0
3439176.0
3439186.0
3439196.0
3439206.0
3439216.0
3439226.0
3439236.0
3439246.0
3439256.0
3439266.0
3439276.0
3439286.0
3439296.0
3439306.0
3439316.0
3439326.0
3439336.0
3439346.0
3439356.0
3439366.0
3439376.0
3439386.0
3439396.0
3439406.0
3439416.0
3439426.0
3439436.0
3439446.0
3439456.0
3439466.0
3439476.0
3439486.0
3439496.0
3439506.0
3439509.3512497265
3439516.0
3439526.0
3439536.0
3439546.0
3439556.0
3439566.0
3439576.0
3439586.0
3439596.0
3439606.0
3439616.0
3439626.0
3439636.0
3439646.0
3439656.0
3439666.0
3439676.0
3439686.0
3439696.0
3439706.0
3439716.0
3439726.0
3439736.0
3439746.0
3439756.0
3439766.0
3439776.0
3439786.0
3439796.0
3439806.0
3439816.0
3439826.0
3439836.0
3439846.0
3439856.0
3439866.0
3439876.0
3439886.0
3439896.0
3439906.0
3439916.0
3439926.0
3439936.0
3439946.0
3439956.0
3439966.0
3439976.0
2204003.7012093156
2204003.7012170013
2204006.0
2204016.0
2204026.0
2204036.0
2204046.0
2204056.0
2204066.0
2204076.0
2204086.0
2204096.0
2204106.0
2204116.0
2204126.0
2204136.0
2204146.0
2204156.0
2204166.0
2204176.0
2204186.0
2204196.0
2204206.0
2204216.0
2204226.0
2204236.0
2204246.0
2204256.0
2204266.0
2204276.0
2204286.0
2204296.0
2204306.0
2204316.0
2204326.0
2204336.0
2204341.6012093155
2204341.601217001
2204346.0
2204356.0
2204366.0
2204376.0
2204386.0
2204396.0
2204406.0
2204416.0
2204426.0
2204436.0
2204446.0
2204456.0
2204466.0
2204476.0
2204486.0
2204496.0
2204506.0
2204516.0
2204526.0
2204536.0
2204546.0
2204556.0
2204566.0
2204576.0
2204586.0
2204596.0
2204606.0
2204616.0
2204626.0
2204636.0
2204646.0
2204656.0
2204666.0
2204676.0
2204686.0
2204696.0
2204706.0
2204716.0
2204726.0
2204736.0
2204746.0
2453005.799193711
2453005.7992013968
2453006.0
2453015.799193711
2453015.7992013968
2453016.0
2453025.799193711
2453025.7992013968
2453026.0
2453035.799193711
2453035.7992013968
2453036.0
2453045.799193711
2453045.7992013968
2453046.0
2453055.799193711
2453055.7992013968
2453056.0
2453066.0
2453076.0
2453076.09789501
2453076.0979026956
2453076.0979103814
2453076.097918067
2453086.0
2453095.4004924125
2453095.4005000982
2453096.0
2453105.4004924125
2453105.4005000982
2453106.0
2453115.799193711
2453115.7992013968
2453116.0
2453125.799193711
2453125.7992013968
2453126.0
2453136.0
2453146.0
2453156.0
2453166.0
2453176.0
2453180.6398445694
2453180.639852255
2453186.0
2453196.0
2453206.0
2453216.0
2453226.0
2453236.0
2453246.0
2453256.0
2453266.0
2453276.0
2453286.0
2453296.0
2453306.0
2453316.0
2453326.0
2453336.0
2453346.0
2453356.0
2453366.0
2453376.0
2453386.0
2453396.0
2453406.0
2453416.0
2453426.0
2453436.0
2453446.0
2453456.0
2453466.0
2453476.0
2453486.0
2453496.0
2453506.0
2453516.0
2453526.0
2453536.0
2453546.0
2453556.0
2453566.0
2453576.0
2453586.0
2453596.0
2453606.0
2453616.0
2453626.0
2453636.0
2453646.0
2453656.0
2453666.0
2453676.0
2453686.0
2453696.0
2453698.6398445694
2453698.639852255
2453706.0
2453716.0
2453726.0
2453736.0
2453746.0
3439006.0
3439016.0
3439016.062171535
3439026.0
3439036.0
3439036.1498245145
3439046.0
3439046.003583609
3439056.0
3439056.062171535
3439066.0
3439066.062171535
3439076.0
3439076.062171535
3439086.0
3439086.003583609
3439096.0
3439096.003583609
3439106.0
3439106.003583609
3439116.0
3439116.1498245145
3439126.0
3439126.062171535
3439136.0
3439146.0
3439156.0
3439166.0
3439176.0
3439186.0
3439196.0
3439206.0
3439216.0
3439226.0
3439236.0
3439246.0
3439256.0
3439266.0
3439276.0
3439286.0
3439296.0
3439306.0
3439316.0
3439326.0
3439336.0
3439346.0
3439356.0
3439366.0
3439376.0
3439386.0
3439396.0
3439406.0
3439416.0
3439426.0
3439436.0
3439446.0
3439456.0
3439466.0
3439476.0
3439486.0
3439496.0
3439506.0
3439509.3512497265
3439516.0
3439526.0
3439536.0
3439546.0
3439556.0
3439566.0
3439576.0
3439586.0
3439596.0
3439606.0
3439616.0
3439626.0
3439636.0
3439646.0
3439656.0
3439666.0
3439676.0
3439686.0
3439696.0
3439706.0
3439716.0
3439726.0
3439736.0
3439746.0
3439756.0
3439766.0
3439776.0
3439786.0
3439796.0
3439806.0
3439816.0
3439826.0
3439836.0
3439846.0
3439856.0
3439866.0
3439876.0
3439886.0
3439896.0
3439906.0
3439916.0
3439926.0
3439936.0
3439946.0
3439956.0
3439966.0
3439976.0
2204003.7012093156
2204003.7012170013
2204006.0
2204016.0
2204026.0
2204036.0
2204046.0
2204056.0
2204066.0
2204076.0
2204086.0
2204096.0
2204106.0
2204116.0
2204126.0
2204136.0
2204146.0
2204156.0
2204166.0
2204176.0
2204186.0
2204196.0
2204206.0
2204216.0
2204226.0
2204236.0
2204246.0
2204256.0
2204266.0
2204276.0
2204286.0
2204296.0
2204306.0
2204316.0
2204326.0
2204336.0
2204346.0
2204356.0
2204366.0
2204376.0
2204386.0
2204396.0
2204406.0
2204416.0
2204426.0
2204436.0
2204446.0
2204456.0
2204466.0
2204476.0
2204486.0
2204496.0
2204506.0
2204516.0
2204526.0
2204536.0
2204546.0
2204551.6012093155
2204551.601217001
2204556.0
2204566.0
2204576.0
2204586.0
2204596.0
2204606.0
2204616.0
2204626.0
2204636.0
2204646.0
2204656.0
2204666.0
2204676.0
2204686.0
2204696.0
2204706.0
2204716.0
2204726.0
2204736.0
2204746.0
2453006.0
2453006.09789501
2453006.0979026956
2453006.0979103814
2453006.097918067
2453016.0
2453016.396596309
2453016.3966039945
2453016.3966116803
2453016.396619366
2453016.3966270518
2453016.3966347375
2453026.0
2453026.993998906
2453026.994006592
2453026.9940142776
2453026.9940219633
2453026.994029649
2453026.994037335
2453026.9940450205
2453026.9940527063
2453026.994060392
2453026.9940680778
2453036.0
2453036.993998906
2453036.994006592
2453036.9940142776
2453036.9940219633
2453036.994029649
2453036.994037335
2453036.9940450205
2453036.9940527063
2453036.994060392
2453036.9940680778
2453046.0
2453046.993998906
2453046.994006592
2453046.9940142776
2453046.9940219633
2453046.994029649
2453046.994037335
2453046.9940450205
2453046.9940527063
2453046.994060392
2453046.9940680778
2453056.0
2453056.993998906
2453056.994006592
2453056.9940142776
2453056.9940219633
2453056.994029649
2453056.994037335
2453056.9940450205
2453056.9940527063
2453056.994060392
2453056.9940680778
2453066.0
2453066.993998906
2453066.994006592
2453066.9940142776
2453066.9940219633
2453066.994029649
2453066.994037335
2453066.9940450205
2453066.9940527063
2453066.994060392
2453066.9940680778
2453076.0
2453076.993998906
2453076.994006592
2453076.9940142776
2453076.9940219633
2453076.994029649
2453076.994037335
2453076.9940450205
2453076.9940527063
2453076.994060392
2453076.9940680778
2453086.0
2453086.993998906
2453086.994006592
2453086.9940142776
2453086.9940219633
2453086.994029649
2453086.994037335
2453086.9940450205
2453086.9940527063
2453086.994060392
2453086.9940680778
2453096.0
2453096.993998906
2453096.994006592
2453096.9940142776
2453096.9940219633
2453096.994029649
2453096.994037335
2453096.9940450205
2453096.9940527063
2453096.994060392
2453096.9940680778
2453106.0
2453106.993998906
2453106.994006592
2453106.9940142776
2453106.9940219633
2453106.994029649
2453106.994037335
2453106.9940450205
2453106.9940527063
2453106.994060392
2453106.9940680778
2453116.0
2453126.0
2453126.09789501
2453126.0979026956
2453126.0979103814
2453126.097918067
2453136.0
2453146.0
2453156.0
2453166.0
2453176.0
2453186.0
2453196.0
2453206.0
2453216.0
2453226.0
2453236.0
2453246.0
2453256.0
2453266.0
2453276.0
2453286.0
2453296.0
2453306.0
2453316.0
2453326.0
2453336.0
2453346.0
2453356.0
2453366.0
2453376.0
2453386.0
2453396.0
2453406.0
2453416.0
2453426.0
2453436.0
2453446.0
2453456.0
2453466.0
2453476.0
2453486.0
2453496.0
2453506.0
2453516.0
2453526.0
2453536.0
2453546.0
2453556.0
2453559.6398445694
2453559.639852255
2453566.0
2453576.0
2453586.0
2453596.0
2453606.0
2453616.0
2453626.0
2453636.0
2453646.0
2453656.0
2453666.0
2453676.0
2453686.0
2453696.0
2453706.0
2453716.0
2453726.0
2453736.0
2453746.0
3439006.0
3439006.062171535
3439016.0
3439016.1498245145
3439026.0
3439036.0
3439036.003583609
3439046.0
3439046.1498245145
3439056.0
3439056.1498245145
3439066.0
3439066.1498245145
3439076.0
3439076.003583609
3439086.0
3439086.003583609
3439096.0
3439096.062171535
3439106.0
3439106.003583609
3439116.0
3439116.1498245145
3439126.0
3439126.003583609
3439136.0
3439146.0
3439156.0
3439166.0
3439176.0
3439186.0
3439196.0
3439206.0
3439216.0
3439226.0
3439236.0
3439246.0
3439256.0
3439266.0
3439276.0
3439286.0
3439296.0
3439306.0
3439316.0
3439326.0
3439336.0
3439346.0
3439356.0
3439366.0
3439376.0
3439386.0
3439396.0
3439406.0
3439416.0
3439426.0
3439436.0
3439446.0
3439456.0
3439466.0
3439476.0
3439486.0
3439496.0
3439506.0
3439516.0
3439526.0
3439536.0
3439546.0
3439556.0
3439566.0
3439576.0
3439586.0
3439596.0
3439606.0
3439616.0
3439626.0
3439636.0
3439646.0
3439656.0
3439666.0
3439676.0
3439686.0
3439696.0
3439706.0
3439716.0
3439726.0
3439736.0
3439746.0
3439756.0
3439766.0
3439776.0
3439786.0
3439796.0
3439806.0
3439816.0
3439826.0
3439836.0
3439846.0
3439856.0
3439866.0
3439876.0
3439886.0
3439896.0
3439906.0
3439916.0
3439918.3512497265
3439926.0
3439936.0
3439946.0
3439956.0
3439966.0
3439976.0
2204003.7012093156
2204003.7012170013
2204006.0
2204016.0
2204026.0
2204036.0
2204046.0
2204056.0
2204066.0
2204076.0
2204086.0
2204096.0
2204106.0
2204116.0
2204126.0
2204136.0
2204146.0
2204156.0
2204166.0
2204176.0
2204186.0
2204196.0
2204206.0
2204216.0
2204226.0
2204236.0
2204246.0
2204256.0
2204266.0
2204276.0
2204286.0
2204296.0
2204306.0
2204316.0
2204326.0
2204336.0
2204346.0
2204356.0
2204366.0
2204376.0
2204386.0
2204396.0
2204406.0
2204416.0
2204426.0
2204436.0
2204440.6012093155
2204440.601217001
2204446.0
2204456.0
2204466.0
2204476.0
2204486.0
2204496.0
2204506.0
2204516.0
2204526.0
2204536.0
2204546.0
2204556.0
2204566.0
2204576.0
2204586.0
2204594.6012093155
2204594.601217001
2204596.0
2204606.0
2204616.0
2204626.0
2204636.0
2204646.0
2204656.0
2204666.0
2204676.0
2204686.0
2204696.0
2204706.0
2204716.0
2204726.0
2204736.0
2204746.0
2453006.0
2453015.799193711
2453015.7992013968
2453016.0
2453025.799193711
2453025.7992013968
2453026.0
2453035.799193711
2453035.7992013968
2453036.0
2453046.0
2453055.799193711
2453055.7992013968
2453056.0
2453066.0
2453075.4004924125
2453075.4005000982
2453076.0
2453085.4004924125
2453085.4005000982
2453086.0
2453095.4004924125
2453095.4005000982
2453096.0
2453105.437247167
2453105.4372548526
2453106.0
2453116.0
2453125.477627961
2453125.4776356467
2453126.0
2453136.0
2453146.0
2453156.0
2453166.0
2453176.0
2453186.0
2453196.0
2453206.0
2453216.0
2453226.0
2453236.0
2453246.0
2453256.0
2453266.0
2453276.0
2453286.0
2453296.0
2453306.0
2453316.0
2453326.0
2453336.0
2453346.0
2453356.0
2453366.0
2453376.0
2453386.0
2453396.0
2453406.0
2453416.0
2453426.0
2453436.0
2453446.0
2453456.0
2453466.0
2453476.0
2453486.0
2453496.0
2453506.0
2453516.0
2453526.0
2453536.0
2453544.6398445694
2453544.639852255
2453546.0
2453556.0
2453566.0
2453576.0
2453586.0
2453596.0
2453606.0
2453616.0
2453626.0
2453636.0
2453646.0
2453656.0
2453666.0
2453676.0
2453686.0
2453696.0
2453698.6398445694
2453698.639852255
2453706.0
2453716.0
2453726.0
2453736.0
2453746.0
3439006.0
3439006.1498245145
3439016.0
3439016.1498245145
3439026.0
3439026.1498245145
3439036.0
3439046.0
3439046.062171535
3439056.0
3439056.003583609
3439066.0
3439066.062171535
3439076.0
3439076.003583609
3439086.0
3439086.062171535
3439096.0
3439106.0
3439106.1498245145
3439116.0
3439116.003583609
3439126.0
3439126.003583609
3439136.0
3439146.0
3439156.0
3439166.0
3439176.0
3439186.0
3439196.0
3439206.0
3439216.0
3439226.0
3439236.0
3439246.0
3439256.0
3439266.0
3439276.0
3439286.0
3439296.0
3439306.0
3439316.0
3439326.0
3439336.0
3439346.0
3439356.0
3439366.0
3439376.0
3439386.0
3439396.0
3439406.0
3439416.0
3439426.0
3439436.0
3439446.0
3439456.0
3439466.0
3439476.0
3439486.0
3439496.0
3439506.0
3439516.0
3439526.0
3439536.0
3439546.0
3439556.0
3439566.0
3439576.0
3439586.0
3439596.0
3439606.0
3439616.0
3439626.0
3439636.0
3439646.0
3439656.0
3439666.0
3439676.0
3439686.0
3439696.0
3439705.3512497265
3439706.0
3439716.0
3439726.0
3439736.0
3439746.0
3439756.0
3439766.0
3439776.0
3439786.0
3439796.0
3439806.0
3439816.0
3439826.0
3439836.0
3439846.0
3439856.0
3439866.0
3439876.0
3439886.0
3439896.0
3439906.0
3439916.0
3439926.0
3439936.0
3439946.0
3439956.0
3439966.0
3439976.0
