221003.45326566932
221003.45327350555
221006.0
221016.0
221026.0
221036.0
221046.0
221056.0
221066.0
221076.0
221086.0
221096.0
221106.0
221116.0
221126.0
221136.0
221146.0
221156.0
221166.0
221176.0
221186.0
221196.0
221206.0
221216.0
221226.0
221236.0
221246.0
221256.0
221266.0
221276.0
221286.0
221296.0
221306.0
221316.0
221326.0
221336.0
221346.0
221356.0
221366.0
221376.0
221386.0
221396.0
221406.0
221416.0
221426.0
221436.0
221446.0
221456.0
221466.0
221476.0
221486.0
221496.0
221506.0
221516.0
221526.0
221536.0
221546.0
221556.0
221566.0
221576.0
221586.0
221596.0
221606.0
221616.0
221626.0
221636.0
221646.0
221656.0
221666.0
221676.0
221686.0
221696.0
221706.0
221716.0
221726.0
221736.0
221746.0
221756.0
221766.0
221776.0
221786.0
221796.0
221806.0
221816.0
221826.0
221836.0
221846.0
221856.0
221866.0
221876.0
221886.0
221896.0
221906.0
221916.0
221926.0
221936.0
221946.0
221952.46688062372
221952.46688845995
221956.0
221966.0
221976.0
221986.0
221996.0
295004.34815168614
295004.3481595224
295006.0
295014.34815168614
295014.3481595224
295016.0
295024.34815168614
295024.3481595224
295026.0
295034.34815168614
295034.3481595224
295036.0
295044.34815168614
295044.3481595224
295046.0
295054.34815168614
295054.3481595224
295056.0
295066.0
295073.94945038744
295073.9494582237
295074.34815168614
295074.3481595224
295076.0
295086.0
295094.34815168614
295094.3481595224
295096.0
295104.34815168614
295104.3481595224
295106.0
295114.34815168614
295114.3481595224
295116.0
295124.34815168614
295124.3481595224
295126.0
295136.0
295146.0
295156.0
295166.0
295176.0
295182.91432363214
295182.9143314684
295186.0
295196.0
295206.0
295216.0
295226.0
295236.0
295246.0
295256.0
295266.0
295276.0
295286.0
295296.0
295306.0
295316.0
295326.0
295336.0
295346.0
295356.0
295366.0
295376.0
295386.0
295396.0
295406.0
295416.0
295426.0
295436.0
295446.0
295456.0
295466.0
295476.0
295486.0
295496.0
295506.0
295516.0
295526.0
295536.0
295546.0
295556.0
295566.0
295576.0
295586.0
295596.0
295606.0
295616.0
295626.0
295636.0
295646.0
295656.0
295666.0
295676.0
295686.0
295696.0
295706.0
295716.0
295726.0
295736.0
295743.91432363214
295743.9143314684
295746.0
367006.0
367006.1702952408
367006.1703030771
367016.0
367016.1702952408
367016.1703030771
367026.0
367026.1702952408
367026.1703030771
367036.0
367036.1702952408
367036.1703030771
367046.0
367046.1702952408
367046.1703030771
367056.0
367056.1702952408
367056.1703030771
367066.0
367066.1702952408
367066.1703030771
367076.0
367076.1702952408
367076.1703030771
367086.0
367086.1702952408
367086.1703030771
367096.0
367106.0
367106.1702952408
367106.1703030771
367116.0
367116.1702952408
367116.1703030771
367126.0
367126.1702952408
367126.1703030771
367136.0
367146.0
367156.0
367166.0
367176.0
367186.0
367196.0
367206.0
367216.0
367226.0
367236.0
367246.0
367256.0
367266.0
367276.0
367286.0
367296.0
367306.0
367316.0
367326.0
367336.0
367346.0
367356.0
367366.0
367376.0
367386.0
367396.0
367406.0
367416.0
367426.0
367436.0
367446.0
367456.0
367466.0
367476.0
367486.0
367496.0
367506.0
367516.0
367526.0
367536.0
367546.0
367556.0
367566.0
367576.0
367586.0
367596.0
367606.0
367616.0
367626.0
367636.0
367646.0
367656.0
367666.0
367676.0
367686.0
367696.0
367706.0
367716.0
367726.0
367736.0
367746.0
367756.0
367766.0
367776.0
367786.0
367796.0
367806.0
367816.0
367826.0
367836.0
367846.0
367856.0
367866.0
367876.0
367886.0
367896.0
367906.0
367916.0
367926.0
367936.0
367946.0
367956.0
367966.0
367976.0
367986.0
367996.0
368006.0
368016.0
368026.0
368036.0
368046.0
368056.0
368066.0
368076.0
368086.0
368096.0
368106.0
368116.0
221003.45326566932
221003.45327350555
221006.0
221016.0
221026.0
221036.0
221046.0
221056.0
221066.0
221076.0
221086.0
221096.0
221106.0
221116.0
221126.0
221136.0
221146.0
221156.0
221166.0
221176.0
221186.0
221196.0
221206.0
221216.0
221226.0
221236.0
221246.0
221256.0
221266.0
221276.0
221286.0
221296.0
221306.0
221316.0
221326.0
221336.0
221346.0
221356.0
221366.0
221376.0
221386.0
221396.0
221406.0
221416.0
221426.0
221436.0
221446.0
221456.0
221466.0
221476.0
221486.0
221496.0
221506.0
221516.0
221526.0
221536.0
221546.0
221556.0
221566.0
221576.0
221586.0
221596.0
221606.0
221616.0
221626.0
221636.0
221646.0
221656.0
221666.0
221676.0
221686.0
221696.0
221706.0
221716.0
221726.0
221736.0
221746.0
221756.0
221766.0
221776.0
221786.0
221796.0
221806.0
221816.0
221826.0
221836.0
221846.0
221856.0
221866.0
221876.0
221886.0
221896.0
221906.0
221916.0
221926.0
221936.0
221946.0
221952.46688062372
221952.46688845995
221956.0
221966.0
221976.0
221986.0
221996.0
295004.34815168614
295004.3481595224
295006.0
295014.34815168614
295014.3481595224
295016.0
295024.34815168614
295024.3481595224
295026.0
295034.34815168614
295034.3481595224
295036.0
295044.34815168614
295044.3481595224
295046.0
295054.34815168614
295054.3481595224
295056.0
295066.0
295073.94945038744
295073.9494582237
295074.34815168614
295074.3481595224
295076.0
295084.34815168614
295084.3481595224
295086.0
295094.34815168614
295094.3481595224
295096.0
295104.34815168614
295104.3481595224
295106.0
295114.34815168614
295114.3481595224
295116.0
295124.34815168614
295124.3481595224
295126.0
295136.0
295146.0
295156.0
295166.0
295176.0
295182.91432363214
295182.9143314684
295186.0
295196.0
295206.0
295216.0
295226.0
295236.0
295246.0
295256.0
295266.0
295276.0
295286.0
295296.0
295306.0
295316.0
295326.0
295336.0
295346.0
295356.0
295366.0
295376.0
295386.0
295396.0
295406.0
295416.0
295426.0
295436.0
295446.0
295456.0
295466.0
295476.0
295486.0
295496.0
295506.0
295516.0
295526.0
295536.0
295546.0
295556.0
295566.0
295576.0
295586.0
295596.0
295606.0
295616.0
295626.0
295636.0
295646.0
295656.0
295666.0
295676.0
295686.0
295696.0
295706.0
295716.0
295726.0
295736.0
295743.91432363214
295743.9143314684
295746.0
367006.0
367006.1702952408
367006.1703030771
367016.0
367016.1702952408
367016.1703030771
367026.0
367026.1702952408
367026.1703030771
367036.0
367036.1702952408
367036.1703030771
367046.0
367046.1702952408
367046.1703030771
367056.0
367056.1702952408
367056.1703030771
367066.0
367076.0
367086.0
367086.1702952408
367086.1703030771
367096.0
367096.1702952408
367096.1703030771
367106.0
367106.1702952408
367106.1703030771
367116.0
367116.1702952408
367116.1703030771
367126.0
367126.1702952408
367126.1703030771
367136.0
367146.0
367156.0
367166.0
367176.0
367186.0
367196.0
367206.0
367216.0
367226.0
367236.0
367246.0
367256.0
367266.0
367276.0
367286.0
367296.0
367306.0
367316.0
367326.0
367336.0
367346.0
367356.0
367366.0
367376.0
367386.0
367396.0
367406.0
367416.0
367426.0
367436.0
367446.0
367456.0
367466.0
367476.0
367486.0
367496.0
367506.0
367516.0
367526.0
367536.0
367546.0
367556.0
367566.0
367576.0
367586.0
367596.0
367606.0
367616.0
367626.0
367636.0
367646.0
367656.0
367666.0
367676.0
367686.0
367696.0
367706.0
367716.0
367726.0
367736.0
367746.0
367756.0
367766.0
367776.0
367786.0
367796.0
367806.0
367816.0
367826.0
367836.0
367846.0
367856.0
367866.0
367876.0
367886.0
367896.0
367906.0
367916.0
367926.0
367936.0
367946.0
367956.0
367966.0
367976.0
367986.0
367996.0
368006.0
368016.0
368026.0
368036.0
368046.0
368056.0
368066.0
368076.0
368086.0
368096.0
368106.0
368116.0
221006.0
221016.0
221026.0
221036.0
221046.0
221056.0
221066.0
221076.0
221086.0
221096.0
221106.0
221116.0
221126.0
221136.0
221146.0
221156.0
221166.0
221176.0
221186.0
221196.0
221206.0
221216.0
221226.0
221236.0
221246.0
221256.0
221266.0
221276.0
221286.0
221296.0
221306.0
221316.0
221326.0
221336.0
221346.0
221356.0
221366.0
221376.0
221386.0
221396.0
221406.0
221416.0
221426.0
221436.0
221446.0
221456.0
221466.0
221476.0
221486.0
221496.0
221506.0
221516.0
221526.0
221536.0
221546.0
221556.0
221566.0
221576.0
221586.0
221596.0
221606.0
221616.0
221626.0
221636.0
221646.0
221656.0
221666.0
221676.0
221686.0
221696.0
221706.0
221716.0
221726.0
221736.0
221746.0
221756.0
221766.0
221776.0
221786.0
221796.0
221806.0
221816.0
221826.0
221836.0
221846.0
221856.0
221866.0
221876.0
221886.0
221896.0
221906.0
221916.0
221926.0
221936.0
221946.0
221952.46688062372
221952.46688845995
221956.0
221966.0
221976.0
221986.0
221996.0
295006.0
295014.34815168614
295014.3481595224
295016.0
295024.34815168614
295024.3481595224
295026.0
295036.0
295044.34815168614
295044.3481595224
295046.0
295054.34815168614
295054.3481595224
295056.0
295066.0
295073.94945038744
295073.9494582237
295074.34815168614
295074.3481595224
295076.0
295086.0
295094.34815168614
295094.3481595224
295096.0
295104.34815168614
295104.3481595224
295106.0
295114.34815168614
295114.3481595224
295116.0
295124.34815168614
295124.3481595224
295126.0
295136.0
295146.0
295156.0
295166.0
295176.0
295182.91432363214
295182.9143314684
295186.0
295196.0
295206.0
295216.0
295226.0
295236.0
295246.0
295256.0
295266.0
295276.0
295286.0
295296.0
295306.0
295316.0
295326.0
295336.0
295346.0
295356.0
295366.0
295376.0
295386.0
295396.0
295406.0
295416.0
295426.0
295436.0
295446.0
295456.0
295466.0
295476.0
295486.0
295496.0
295506.0
295516.0
295526.0
295536.0
295546.0
295556.0
295566.0
295576.0
295586.0
295596.0
295606.0
295616.0
295626.0
295636.0
295646.0
295656.0
295666.0
295676.0
295686.0
295696.0
295706.0
295716.0
295726.0
295736.0
295743.91432363214
295743.9143314684
295746.0
367006.0
367006.1702952408
367006.1703030771
367016.0
367016.1702952408
367016.1703030771
367026.0
367026.1702952408
367026.1703030771
367036.0
367046.0
367046.1702952408
367046.1703030771
367056.0
367056.1702952408
367056.1703030771
367066.0
367076.0
367076.1702952408
367076.1703030771
367086.0
367086.1702952408
367086.1703030771
367096.0
367096.1702952408
367096.1703030771
367106.0
367106.1702952408
367106.1703030771
367116.0
367116.1702952408
367116.1703030771
367126.0
367126.1702952408
367126.1703030771
367136.0
367146.0
367156.0
367166.0
367176.0
367186.0
367196.0
367206.0
367216.0
367226.0
367236.0
367246.0
367256.0
367266.0
367276.0
367286.0
367296.0
367306.0
367316.0
367326.0
367336.0
367346.0
367356.0
367366.0
367376.0
367386.0
367396.0
367406.0
367416.0
367426.0
367436.0
367446.0
367456.0
367466.0
367476.0
367486.0
367496.0
367506.0
367516.0
367526.0
367536.0
367546.0
367556.0
367566.0
367576.0
367586.0
367596.0
367606.0
367616.0
367626.0
367636.0
367646.0
367656.0
367666.0
367676.0
367686.0
367696.0
367706.0
367716.0
367726.0
367736.0
367746.0
367756.0
367766.0
367776.0
367786.0
367796.0
367806.0
367816.0
367826.0
367836.0
367846.0
367856.0
367866.0
367876.0
367886.0
367896.0
367906.0
367916.0
367926.0
367936.0
367946.0
367956.0
367966.0
367976.0
367986.0
367996.0
368006.0
368016.0
368026.0
368036.0
368046.0
368056.0
368066.0
368076.0
368086.0
368096.0
368106.0
368116.0
