57002.82211065402
57002.82211872742
57006.0
57016.0
57026.0
57027.15130323464
57027.15131130804
57036.0
57046.0
57056.0
57066.0
57076.0
57086.0
57096.0
57106.0
57116.0
57126.0
57136.0
57146.0
57156.0
57166.0
57176.0
57186.0
57196.0
57206.0
57216.0
57226.0
57236.0
57246.0
57256.0
57266.0
57276.0
57286.0
57296.0
57306.0
57316.0
57326.0
57336.0
57346.0
57356.0
57366.0
57376.0
57386.0
57396.0
57406.0
57416.0
57426.0
57436.0
57446.0
57456.0
57466.0
57476.0
57486.0
57496.0
57506.0
57516.0
57526.0
57536.0
57546.0
57556.0
57566.0
57576.0
57586.0
57596.0
57606.0
57616.0
57626.0
57636.0
57646.0
57656.0
57666.0
57676.0
57686.0
57696.0
57706.0
57716.0
57726.0
57736.0
57746.0
133006.0
133006.25186133495
133006.25186940836
133016.0
133026.0
133026.25186133495
133026.25186940836
133036.0
133036.25186133495
133036.25186940836
133046.0
133046.25186133495
133046.25186940836
133056.0
133056.25186133495
133056.25186940836
133066.0
133076.0
133076.25186133495
133076.25186940836
133086.0
133086.25186133495
133086.25186940836
133096.0
133096.25186133495
133096.25186940836
133106.0
133106.25186133495
133106.25186940836
133116.0
133116.25186133495
133116.25186940836
133126.0
133126.25186133495
133126.25186940836
133136.0
133146.0
133156.0
133166.0
133176.0
133186.0
133196.0
133206.0
133216.0
133226.0
133236.0
133246.0
133256.0
133266.0
133276.0
133286.0
133296.0
133306.0
133316.0
133326.0
133336.0
133346.0
133356.0
133366.0
133376.0
133386.0
133396.0
133406.0
133416.0
133426.0
133436.0
133446.0
133456.0
133466.0
133476.0
133486.0
133496.0
133506.0
133516.0
133526.0
133536.0
133546.0
133556.0
133566.0
133576.0
133586.0
133596.0
133606.0
133616.0
133626.0
133636.0
133646.0
133656.0
133666.0
133676.0
133686.0
133696.0
133706.0
133716.0
133726.0
133736.0
133746.0
133756.0
133766.0
133776.0
133786.0
133796.0
133806.0
133816.0
133826.0
133836.0
133846.0
133856.0
133866.0
133876.0
133886.0
133896.0
133906.0
133916.0
133926.0
133936.0
133946.0
133956.0
133966.0
133976.0
243006.0
243015.4994428169
243015.4994508903
243016.0
243025.4994428169
243025.4994508903
243026.0
243035.4994428169
243035.4994508903
243036.0
243045.4994428169
243045.4994508903
243046.0
243055.4994428169
243055.4994508903
243056.0
243066.0
243066.0968454143
243066.0968534877
243076.0
243076.0968454143
243076.0968534877
243076.0968615611
243076.0968696345
243076.0968777079
243076.0968857813
243086.0
243086.0968454143
243086.0968534877
243086.0968615611
243086.0968696345
243086.0968777079
243086.0968857813
243096.0
243096.0968454143
243096.0968534877
243096.0968615611
243096.0968696345
243096.0968777079
243096.0968857813
243106.0
243106.0968454143
243106.0968534877
243106.0968615611
243106.0968696345
243106.0968777079
243106.0968857813
243116.0
243116.6942480117
243116.69425608512
243116.69426415852
243116.69427223192
243116.69428030532
243116.69428837873
243116.69429645213
243116.69430452553
243116.69431259893
243116.69432067234
243126.0
243126.0968454143
243126.0968534877
243126.0968615611
243126.0968696345
243126.0968777079
243126.0968857813
243136.0
243146.0
243156.0
243166.0
243176.0
243186.0
243196.0
243206.0
243216.0
243226.0
243236.0
243246.0
243256.0
243266.0
243276.0
243286.0
243296.0
243306.0
243316.0
243326.0
243336.0
243346.0
243356.0
243366.0
243376.0
243386.0
243396.0
243406.0
243416.0
243426.0
243436.0
243446.0
243456.0
243466.0
243476.0
243486.0
243496.0
243506.0
243516.0
243526.0
243536.0
243546.0
243556.0
243566.0
243576.0
243586.0
243596.0
243606.0
243616.0
243626.0
243636.0
243646.0
243656.0
243666.0
243676.0
243686.0
243696.0
243706.0
243716.0
243726.0
243736.0
243746.0
243756.0
243766.0
243776.0
243786.0
243796.0
243806.0
243816.0
243826.0
243836.0
243846.0
243856.0
243866.0
243876.0
243886.0
243896.0
243906.0
243916.0
243926.0
243936.0
243946.0
243956.0
243964.48996931608
243964.4899773895
243966.0
243976.0
243986.0
243996.0
244006.0
244016.0
244026.0
244036.0
244046.0
244056.0
244066.0
244076.0
244086.0
244096.0
244106.0
244116.0
244126.0
244136.0
244146.0
244156.0
244166.0
244176.0
384005.42266821966
384005.42267629306
384006.0
384015.42266821966
384015.42267629306
384016.0
384026.0
384035.42266821966
384035.42267629306
384036.0
384046.0
384055.42266821966
384055.42267629306
384056.0
384066.0
384066.0200708171
384066.0200788905
384076.0
384085.02396692097
384085.0239749944
384086.0
384095.02396692097
384095.0239749944
384096.0
384105.02396692097
384105.0239749944
384106.0
384115.02396692097
384115.0239749944
384116.0
384125.02396692097
384125.0239749944
384126.0
384136.0
384146.0
384156.0
384166.0
384176.0
384186.0
384196.0
384206.0
384216.0
384226.0
384236.0
384246.0
384256.0
384266.0
384276.0
384286.0
384296.0
384306.0
384316.0
384326.0
384336.0
384346.0
384356.0
384366.0
384376.0
384386.0
384396.0
384406.0
384416.0
384426.0
384436.0
384446.0
384455.8489437826
384455.848951856
384456.0
384466.0
384476.0
384486.0
384496.0
384506.0
384516.0
384526.0
384536.0
384546.0
384556.0
384566.0
384576.0
384586.0
384596.0
384606.0
384616.0
384626.0
384636.0
384646.0
384656.0
384666.0
384676.0
384686.0
384696.0
384706.0
384716.0
384726.0
384736.0
384746.0
384756.0
384766.0
384776.0
384786.0
384796.0
384806.0
384816.0
384826.0
384836.0
384846.0
384856.0
384866.0
384876.0
384886.0
384896.0
384906.0
384916.0
384926.0
384936.0
384946.0
500006.0
500006.62732656446
500016.0
500016.62732656446
500026.0
500026.62732656446
500036.0
500036.62732656446
500046.0
500046.62732656446
500056.0
500056.62732656446
500066.0
500066.62732656446
500076.0
500076.62732656446
500086.0
500086.62732656446
500096.0
500096.62732656446
500106.0
500106.62732656446
500116.0
500116.62732656446
500126.0
500126.62732656446
500136.0
500136.62732656446
500146.0
500146.62732656446
500156.0
500156.62732656446
500166.0
500166.62732656446
500176.0
500176.62732656446
500186.0
500196.0
500196.62732656446
500206.0
500206.62732656446
500216.0
500216.62732656446
500226.0
500226.62732656446
500236.0
500236.62732656446
500246.0
500246.62732656446
500256.0
500266.0
500276.0
500286.0
500296.0
500306.0
500316.0
500326.0
500336.0
500346.0
500356.0
500366.0
500376.0
500386.0
500396.0
500406.0
500416.0
500426.0
500436.0
500446.0
500456.0
500466.0
500476.0
500486.0
500496.0
500506.0
500516.0
500526.0
500536.0
500546.0
500556.0
500566.0
500576.0
500586.0
500596.0
500606.0
500616.0
500626.0
500636.0
500646.0
500656.0
500666.0
500676.0
500686.0
500696.0
500706.0
500716.0
500726.0
500736.0
500746.0
500756.0
500766.0
500776.0
500786.0
500796.0
500806.0
500816.0
500826.0
500836.0
500846.0
500856.0
500866.0
500876.0
500886.0
500896.0
500906.0
500916.0
500926.0
500936.0
500946.0
500956.0
500966.0
500976.0
57002.82211065402
57002.82211872742
57006.0
57016.0
57026.0
57027.15130323464
57027.15131130804
57036.0
57046.0
57056.0
57066.0
57076.0
57086.0
57096.0
57106.0
57116.0
57126.0
57136.0
57146.0
57156.0
57166.0
57176.0
57186.0
57196.0
57206.0
57216.0
57226.0
57236.0
57246.0
57256.0
57266.0
57276.0
57286.0
57296.0
57306.0
57316.0
57326.0
57336.0
57346.0
57356.0
57366.0
57376.0
57386.0
57396.0
57406.0
57416.0
57426.0
57436.0
57446.0
57456.0
57466.0
57476.0
57486.0
57496.0
57506.0
57516.0
57526.0
57536.0
57546.0
57556.0
57566.0
57576.0
57586.0
57596.0
57606.0
57616.0
57626.0
57636.0
57646.0
57656.0
57666.0
57676.0
57686.0
57696.0
57706.0
57716.0
57726.0
57736.0
57746.0
133006.0
133006.25186133495
133006.25186940836
133016.0
133016.25186133495
133016.25186940836
133026.0
133026.25186133495
133026.25186940836
133036.0
133036.25186133495
133036.25186940836
133046.0
133056.0
133056.25186133495
133056.25186940836
133066.0
133076.0
133076.25186133495
133076.25186940836
133086.0
133086.25186133495
133086.25186940836
133096.0
133096.25186133495
133096.25186940836
133106.0
133106.25186133495
133106.25186940836
133116.0
133116.25186133495
133116.25186940836
133126.0
133126.25186133495
133126.25186940836
133136.0
133146.0
133156.0
133166.0
133176.0
133186.0
133196.0
133206.0
133216.0
133226.0
133236.0
133246.0
133256.0
133266.0
133276.0
133286.0
133296.0
133306.0
133316.0
133326.0
133336.0
133346.0
133356.0
133366.0
133376.0
133386.0
133396.0
133406.0
133416.0
133426.0
133436.0
133446.0
133456.0
133466.0
133476.0
133486.0
133496.0
133506.0
133516.0
133526.0
133536.0
133546.0
133556.0
133566.0
133576.0
133586.0
133596.0
133606.0
133616.0
133626.0
133636.0
133646.0
133656.0
133666.0
133676.0
133686.0
133696.0
133706.0
133716.0
133726.0
133736.0
133746.0
133756.0
133766.0
133776.0
133786.0
133796.0
133806.0
133816.0
133826.0
133836.0
133846.0
133856.0
133866.0
133876.0
133886.0
133896.0
133906.0
133916.0
133926.0
133936.0
133946.0
133956.0
133966.0
133976.0
243005.4994428169
243005.4994508903
243006.0
243016.0
243025.4994428169
243025.4994508903
243026.0
243035.4994428169
243035.4994508903
243036.0
243045.4994428169
243045.4994508903
243046.0
243055.4994428169
243055.4994508903
243056.0
243066.0
243066.0968454143
243066.0968534877
243076.0
243076.0968454143
243076.0968534877
243076.0968615611
243076.0968696345
243076.0968777079
243076.0968857813
243086.0
243086.6942480117
243086.69425608512
243086.69426415852
243086.69427223192
243086.69428030532
243086.69428837873
243086.69429645213
243086.69430452553
243086.69431259893
243086.69432067234
243096.0
243096.0968454143
243096.0968534877
243096.0968615611
243096.0968696345
243096.0968777079
243096.0968857813
243106.0
243106.6942480117
243106.69425608512
243106.69426415852
243106.69427223192
243106.69428030532
243106.69428837873
243106.69429645213
243106.69430452553
243106.69431259893
243106.69432067234
243116.0
243116.0968454143
243116.0968534877
243116.0968615611
243116.0968696345
243116.0968777079
243116.0968857813
243126.0
243126.0968454143
243126.0968534877
243126.0968615611
243126.0968696345
243126.0968777079
243126.0968857813
243136.0
243146.0
243156.0
243166.0
243176.0
243186.0
243196.0
243206.0
243216.0
243226.0
243236.0
243246.0
243256.0
243266.0
243276.0
243286.0
243296.0
243306.0
243316.0
243326.0
243336.0
243346.0
243356.0
243366.0
243376.0
243386.0
243396.0
243406.0
243416.0
243426.0
243436.0
243446.0
243456.0
243466.0
243476.0
243486.0
243496.0
243506.0
243516.0
243526.0
243536.0
243546.0
243556.0
243566.0
243576.0
243586.0
243596.0
243606.0
243616.0
243626.0
243636.0
243646.0
243656.0
243666.0
243676.0
243686.0
243696.0
243706.0
243716.0
243726.0
243736.0
243746.0
243756.0
243766.0
243776.0
243786.0
243796.0
243806.0
243816.0
243826.0
243836.0
243846.0
243856.0
243866.0
243876.0
243886.0
243896.0
243906.0
243916.0
243926.0
243936.0
243946.0
243956.0
243964.48996931608
243964.4899773895
243966.0
243976.0
243986.0
243996.0
244006.0
244016.0
244026.0
244036.0
244046.0
244056.0
244066.0
244076.0
244086.0
244096.0
244106.0
244116.0
244126.0
244136.0
244146.0
244156.0
244166.0
244176.0
384005.42266821966
384005.42267629306
384006.0
384015.42266821966
384015.42267629306
384016.0
384025.42266821966
384025.42267629306
384026.0
384035.42266821966
384035.42267629306
384036.0
384045.42266821966
384045.42267629306
384046.0
384055.42266821966
384055.42267629306
384056.0
384066.0
384075.42266821966
384075.42267629306
384076.0
384085.42266821966
384085.42267629306
384086.0
384095.42266821966
384095.42267629306
384096.0
384105.42266821966
384105.42267629306
384106.0
384115.42266821966
384115.42267629306
384116.0
384125.42266821966
384125.42267629306
384126.0
384136.0
384146.0
384156.0
384166.0
384176.0
384186.0
384196.0
384206.0
384216.0
384226.0
384236.0
384246.0
384256.0
384266.0
384276.0
384286.0
384296.0
384306.0
384316.0
384326.0
384336.0
384346.0
384356.0
384366.0
384376.0
384386.0
384396.0
384406.0
384416.0
384426.0
384436.0
384446.0
384456.0
384466.0
384476.0
384486.0
384496.0
384506.0
384516.0
384526.0
384536.0
384546.0
384556.0
384566.0
384576.0
384586.0
384596.0
384606.0
384616.0
384626.0
384636.0
384646.0
384656.0
384666.0
384676.0
384686.0
384696.0
384706.0
384716.0
384726.0
384736.0
384746.0
384756.0
384766.0
384776.0
384786.0
384796.0
384806.0
384816.0
384826.0
384836.0
384846.0
384856.0
384866.0
384876.0
384886.0
384896.0
384906.0
384916.0
384926.0
384936.0
384946.0
500006.0
500016.0
500016.62732656446
500026.0
500026.62732656446
500036.0
500036.62732656446
500046.0
500046.62732656446
500056.0
500056.62732656446
500066.0
500066.62732656446
500076.0
500076.62732656446
500086.0
500086.62732656446
500096.0
500096.62732656446
500106.0
500106.62732656446
500116.0
500126.0
500126.62732656446
500136.0
500146.0
500146.62732656446
500156.0
500156.62732656446
500166.0
500166.62732656446
500176.0
500176.62732656446
500186.0
500186.62732656446
500196.0
500196.62732656446
500206.0
500216.0
500216.62732656446
500226.0
500226.62732656446
500236.0
500236.62732656446
500246.0
500246.62732656446
500256.0
500266.0
500276.0
500286.0
500296.0
500306.0
500316.0
500326.0
500336.0
500346.0
500356.0
500366.0
500376.0
500386.0
500396.0
500406.0
500416.0
500426.0
500436.0
500446.0
500456.0
500466.0
500476.0
500486.0
500496.0
500506.0
500516.0
500526.0
500536.0
500546.0
500556.0
500566.0
500576.0
500586.0
500596.0
500606.0
500616.0
500626.0
500636.0
500646.0
500656.0
500666.0
500676.0
500686.0
500696.0
500706.0
500716.0
500726.0
500730.55975817546
500736.0
500746.0
500756.0
500766.0
500776.0
500786.0
500796.0
500806.0
500816.0
500826.0
500836.0
500846.0
500856.0
500866.0
500876.0
500886.0
500896.0
500906.0
500916.0
500926.0
500936.0
500946.0
500956.0
500966.0
500976.0
57002.82211065402
57002.82211872742
57006.0
57016.0
57026.0
57027.15130323464
57027.15131130804
57036.0
57046.0
57056.0
57066.0
57076.0
57086.0
57096.0
57106.0
57116.0
57126.0
57136.0
57146.0
57156.0
57166.0
57176.0
57186.0
57196.0
57206.0
57216.0
57226.0
57236.0
57246.0
57256.0
57266.0
57276.0
57286.0
57296.0
57306.0
57316.0
57326.0
57336.0
57346.0
57356.0
57366.0
57376.0
57386.0
57396.0
57406.0
57416.0
57426.0
57436.0
57446.0
57456.0
57466.0
57476.0
57486.0
57496.0
57506.0
57516.0
57526.0
57536.0
57546.0
57556.0
57566.0
57576.0
57586.0
57596.0
57606.0
57616.0
57626.0
57636.0
57646.0
57656.0
57666.0
57676.0
57686.0
57696.0
57706.0
57716.0
57726.0
57736.0
57746.0
133006.0
133006.25186133495
133006.25186940836
133016.0
133016.25186133495
133016.25186940836
133026.0
133026.25186133495
133026.25186940836
133036.0
133036.25186133495
133036.25186940836
133046.0
133046.25186133495
133046.25186940836
133056.0
133056.25186133495
133056.25186940836
133066.0
133066.25186133495
133066.25186940836
133076.0
133076.25186133495
133076.25186940836
133086.0
133086.25186133495
133086.25186940836
133096.0
133096.25186133495
133096.25186940836
133106.0
133106.25186133495
133106.25186940836
133116.0
133116.25186133495
133116.25186940836
133126.0
133126.25186133495
133126.25186940836
133136.0
133146.0
133156.0
133166.0
133176.0
133186.0
133196.0
133206.0
133216.0
133226.0
133236.0
133246.0
133256.0
133266.0
133276.0
133286.0
133296.0
133306.0
133316.0
133326.0
133336.0
133346.0
133356.0
133366.0
133376.0
133386.0
133396.0
133406.0
133416.0
133426.0
133436.0
133446.0
133456.0
133466.0
133476.0
133486.0
133496.0
133506.0
133516.0
133526.0
133536.0
133546.0
133556.0
133566.0
133576.0
133586.0
133596.0
133606.0
133616.0
133626.0
133636.0
133646.0
133656.0
133666.0
133676.0
133686.0
133696.0
133706.0
133716.0
133726.0
133736.0
133746.0
133756.0
133766.0
133776.0
133786.0
133796.0
133806.0
133816.0
133826.0
133836.0
133846.0
133856.0
133866.0
133876.0
133886.0
133896.0
133906.0
133916.0
133926.0
133936.0
133946.0
133956.0
133966.0
133976.0
243006.0
243015.4994428169
243015.4994508903
243016.0
243025.4994428169
243025.4994508903
243026.0
243036.0
243045.4994428169
243045.4994508903
243046.0
243055.4994428169
243055.4994508903
243056.0
243066.0
243066.0968454143
243066.0968534877
243076.0
243076.0968454143
243076.0968534877
243076.0968615611
243076.0968696345
243076.0968777079
243076.0968857813
243086.0
243086.0968454143
243086.0968534877
243086.0968615611
243086.0968696345
243086.0968777079
243086.0968857813
243096.0
243096.0968454143
243096.0968534877
243096.0968615611
243096.0968696345
243096.0968777079
243096.0968857813
243106.0
243115.4994428169
243115.4994508903
243116.0
243125.4994428169
243125.4994508903
243126.0
243136.0
243146.0
243156.0
243166.0
243176.0
243186.0
243196.0
243206.0
243216.0
243226.0
243236.0
243246.0
243256.0
243266.0
243276.0
243286.0
243296.0
243306.0
243316.0
243326.0
243336.0
243346.0
243356.0
243366.0
243376.0
243386.0
243396.0
243406.0
243416.0
243426.0
243436.0
243446.0
243456.0
243466.0
243476.0
243486.0
243496.0
243506.0
243516.0
243526.0
243536.0
243546.0
243556.0
243566.0
243576.0
243586.0
243596.0
243606.0
243616.0
243626.0
243636.0
243646.0
243656.0
243666.0
243676.0
243686.0
243696.0
243706.0
243716.0
243726.0
243736.0
243746.0
243756.0
243766.0
243776.0
243786.0
243796.0
243806.0
243816.0
243826.0
243836.0
243846.0
243856.0
243866.0
243876.0
243886.0
243896.0
243906.0
243916.0
243926.0
243936.0
243946.0
243956.0
243964.48996931608
243964.4899773895
243966.0
243976.0
243986.0
243996.0
244006.0
244016.0
244026.0
244036.0
244046.0
244056.0
244066.0
244076.0
244086.0
244096.0
244106.0
244116.0
244126.0
244136.0
244146.0
244156.0
244166.0
244176.0
384005.42266821966
384005.42267629306
384006.0
384015.42266821966
384015.42267629306
384016.0
384025.42266821966
384025.42267629306
384026.0
384035.42266821966
384035.42267629306
384036.0
384045.42266821966
384045.42267629306
384046.0
384055.42266821966
384055.42267629306
384056.0
384066.0
384066.0200708171
384066.0200788905
384076.0
384085.02396692097
384085.0239749944
384086.0
384095.02396692097
384095.0239749944
384096.0
384105.02396692097
384105.0239749944
384106.0
384115.02396692097
384115.0239749944
384116.0
384125.02396692097
384125.0239749944
384126.0
384136.0
384146.0
384156.0
384166.0
384176.0
384186.0
384196.0
384206.0
384216.0
384226.0
384236.0
384246.0
384256.0
384266.0
384276.0
384286.0
384296.0
384306.0
384316.0
384326.0
384336.0
384346.0
384356.0
384366.0
384376.0
384386.0
384396.0
384406.0
384416.0
384426.0
384436.0
384446.0
384456.0
384466.0
384476.0
384486.0
384496.0
384506.0
384516.0
384526.0
384536.0
384546.0
384556.0
384566.0
384576.0
384586.0
384596.0
384606.0
384616.0
384626.0
384636.0
384646.0
384656.0
384666.0
384676.0
384686.0
384696.0
384706.0
384716.0
384726.0
384736.0
384746.0
384756.0
384766.0
384776.0
384786.0
384796.0
384806.0
384816.0
384826.0
384836.0
384846.0
384856.0
384866.0
384876.0
384886.0
384896.0
384906.0
384916.0
384926.0
384936.0
384946.0
500006.0
500006.62732656446
500016.0
500016.62732656446
500026.0
500036.0
500036.62732656446
500046.0
500046.62732656446
500056.0
500056.62732656446
500066.0
500066.62732656446
500076.0
500076.62732656446
500086.0
500086.62732656446
500096.0
500096.62732656446
500106.0
500106.62732656446
500116.0
500116.62732656446
500126.0
500126.62732656446
500136.0
500136.62732656446
500146.0
500146.62732656446
500156.0
500166.0
500166.62732656446
500176.0
500176.62732656446
500186.0
500186.62732656446
500196.0
500206.0
500206.62732656446
500216.0
500216.62732656446
500226.0
500226.62732656446
500236.0
500236.62732656446
500246.0
500246.62732656446
500256.0
500266.0
500276.0
500286.0
500296.0
500306.0
500316.0
500326.0
500336.0
500346.0
500356.0
500366.0
500376.0
500386.0
500396.0
500406.0
500416.0
500426.0
500436.0
500446.0
500456.0
500466.0
500476.0
500486.0
500496.0
500506.0
500516.0
500526.0
500536.0
500546.0
500556.0
500566.0
500576.0
500586.0
500596.0
500606.0
500616.0
500626.0
500636.0
500646.0
500656.0
500666.0
500676.0
500686.0
500696.0
500706.0
500716.0
500726.0
500730.55975817546
500736.0
500746.0
500756.0
500766.0
500776.0
500786.0
500796.0
500806.0
500816.0
500826.0
500836.0
500846.0
500856.0
500866.0
500876.0
500886.0
500896.0
500906.0
500916.0
500926.0
500936.0
500946.0
500956.0
500966.0
500976.0
