221002.91564440963
221002.91565224587
221006.0
221016.0
221026.0
221036.0
221046.0
221056.0
221066.0
221076.0
221086.0
221096.0
221106.0
221116.0
221126.0
221136.0
221146.0
221156.0
221166.0
221176.0
221186.0
221196.0
221206.0
221216.0
221226.0
221236.0
221246.0
221256.0
221266.0
221276.0
221286.0
221296.0
221306.0
221316.0
221326.0
221336.0
221346.0
221356.0
221366.0
221376.0
221386.0
221396.0
221406.0
221416.0
221426.0
221436.0
221446.0
221456.0
221466.0
221476.0
221486.0
221496.0
221506.0
221516.0
221526.0
221536.0
221546.0
221556.0
221566.0
221576.0
221586.0
221596.0
221606.0
221616.0
221626.0
221636.0
221646.0
221656.0
221666.0
221676.0
221686.0
221696.0
221706.0
221716.0
221726.0
221736.0
221746.0
221756.0
221766.0
221776.0
221786.0
221796.0
221806.0
221816.0
221826.0
221836.0
221846.0
221856.0
221866.0
221876.0
221886.0
221896.0
221906.0
221916.0
221926.0
221936.0
221946.0
221952.19806999387
221952.1980778301
221956.0
221966.0
221976.0
221986.0
221996.0
222006.0
222016.0
222026.0
222036.0
222046.0
222056.0
222066.0
222076.0
222086.0
222096.0
222106.0
222116.0
295005.7261118912
295005.7261197275
295006.0
295016.0
295025.7261118912
295025.7261197275
295026.0
295035.7261118912
295035.7261197275
295036.0
295045.7261118912
295045.7261197275
295046.0
295055.7261118912
295055.7261197275
295056.0
295065.7261118912
295065.7261197275
295066.0
295075.7261118912
295075.7261197275
295076.0
295085.7261118912
295085.7261197275
295086.0
295095.7261118912
295095.7261197275
295096.0
295105.7261118912
295105.7261197275
295106.0
295115.7261118912
295115.7261197275
295116.0
295125.7261118912
295125.7261197275
295126.0
295136.0
295146.0
295156.0
295166.0
295176.0
295183.6033037347
295183.60331157094
295186.0
295196.0
295206.0
295216.0
295226.0
295236.0
295246.0
295256.0
295266.0
295276.0
295286.0
295296.0
295306.0
295316.0
295326.0
295336.0
295346.0
295356.0
295366.0
295376.0
295386.0
295396.0
295406.0
295416.0
295426.0
295436.0
295446.0
295456.0
295466.0
295476.0
295486.0
295496.0
295506.0
295516.0
295526.0
295536.0
295546.0
295556.0
295566.0
295576.0
295586.0
295596.0
295606.0
295616.0
295626.0
295636.0
295646.0
295656.0
295666.0
295676.0
295686.0
295696.0
295706.0
295716.0
295726.0
295736.0
295744.6033037347
295744.60331157094
295746.0
295756.0
295766.0
295776.0
295786.0
295796.0
295806.0
295816.0
295826.0
295836.0
295846.0
295856.0
295866.0
295876.0
295886.0
295896.0
295906.0
295916.0
295926.0
295936.0
295946.0
295956.0
367004.1774853606
367004.17749319685
367006.0
367014.1774853606
367014.17749319685
367014.5761866593
367014.57619449554
367016.0
367026.0
367034.5761866593
367034.57619449554
367036.0
367046.0
367054.1774853606
367054.17749319685
367056.0
367064.1283411187
367064.12834895495
367066.0
367074.1774853606
367074.17749319685
367076.0
367086.0
367094.1774853606
367094.17749319685
367096.0
367104.1774853606
367104.17749319685
367106.0
367114.1774853606
367114.17749319685
367114.5761866593
367114.57619449554
367116.0
367126.0
367136.0
367146.0
367156.0
367166.0
367176.0
367186.0
367196.0
367206.0
367216.0
367226.0
367236.0
367246.0
367256.0
367266.0
367276.0
367286.0
367296.0
367306.0
367316.0
367326.0
367336.0
367346.0
367356.0
367366.0
367376.0
367386.0
367396.0
367406.0
367416.0
367426.0
367436.0
367446.0
367456.0
367466.0
367476.0
367486.0
367496.0
367506.0
367516.0
367526.0
367536.0
367546.0
367556.0
367566.0
367576.0
367586.0
367596.0
367606.0
367616.0
367626.0
367636.0
367646.0
367656.0
367666.0
367676.0
367686.0
367696.0
367706.0
367716.0
367726.0
367736.0
367746.0
367756.0
367766.0
367776.0
367786.0
367796.0
367806.0
367816.0
367826.0
367836.0
367846.0
367856.0
367866.0
367876.0
367886.0
367896.0
367906.0
367916.0
367926.0
367936.0
367946.0
367956.0
367966.0
367976.0
367986.0
367996.0
368006.0
368016.0
368026.0
368036.0
368046.0
368056.0
221002.91564440963
221002.91565224587
221006.0
221016.0
221026.0
221036.0
221046.0
221056.0
221066.0
221076.0
221086.0
221096.0
221106.0
221116.0
221126.0
221136.0
221146.0
221156.0
221166.0
221176.0
221186.0
221196.0
221206.0
221216.0
221226.0
221236.0
221246.0
221256.0
221266.0
221276.0
221286.0
221296.0
221306.0
221316.0
221326.0
221336.0
221346.0
221356.0
221366.0
221376.0
221386.0
221396.0
221406.0
221416.0
221426.0
221436.0
221446.0
221456.0
221466.0
221476.0
221486.0
221496.0
221506.0
221516.0
221526.0
221536.0
221546.0
221556.0
221566.0
221576.0
221586.0
221596.0
221606.0
221616.0
221626.0
221636.0
221646.0
221656.0
221666.0
221676.0
221686.0
221696.0
221706.0
221716.0
221726.0
221736.0
221746.0
221756.0
221766.0
221776.0
221786.0
221796.0
221806.0
221816.0
221826.0
221836.0
221846.0
221856.0
221866.0
221876.0
221886.0
221896.0
221906.0
221916.0
221926.0
221936.0
221946.0
221952.19806999387
221952.1980778301
221956.0
221966.0
221976.0
221986.0
221996.0
222006.0
222016.0
222026.0
222036.0
222046.0
222056.0
222066.0
222076.0
222086.0
222096.0
222106.0
222116.0
295005.7261118912
295005.7261197275
295006.0
295015.7261118912
295015.7261197275
295016.0
295025.7261118912
295025.7261197275
295026.0
295035.7261118912
295035.7261197275
295036.0
295045.7261118912
295045.7261197275
295046.0
295055.7261118912
295055.7261197275
295056.0
295065.7261118912
295065.7261197275
295066.0
295075.7261118912
295075.7261197275
295076.0
295085.7261118912
295085.7261197275
295086.0
295095.7261118912
295095.7261197275
295096.0
295105.7261118912
295105.7261197275
295106.0
295115.7261118912
295115.7261197275
295116.0
295125.7261118912
295125.7261197275
295126.0
295136.0
295146.0
295156.0
295166.0
295176.0
295183.6033037347
295183.60331157094
295186.0
295196.0
295206.0
295216.0
295226.0
295236.0
295246.0
295256.0
295266.0
295276.0
295286.0
295296.0
295306.0
295316.0
295326.0
295336.0
295346.0
295356.0
295366.0
295376.0
295386.0
295396.0
295406.0
295416.0
295426.0
295436.0
295446.0
295456.0
295466.0
295476.0
295486.0
295496.0
295506.0
295516.0
295526.0
295536.0
295546.0
295556.0
295566.0
295576.0
295586.0
295596.0
295606.0
295616.0
295626.0
295636.0
295646.0
295656.0
295666.0
295676.0
295686.0
295696.0
295706.0
295716.0
295726.0
295736.0
295744.6033037347
295744.60331157094
295746.0
295756.0
295766.0
295776.0
295786.0
295796.0
295806.0
295816.0
295826.0
295836.0
295846.0
295856.0
295866.0
295876.0
295886.0
295896.0
295906.0
295916.0
295926.0
295936.0
295946.0
295956.0
367004.1774853606
367004.17749319685
367006.0
367014.1774853606
367014.17749319685
367016.0
367024.1774853606
367024.17749319685
367024.5761866593
367024.57619449554
367026.0
367036.0
367044.1774853606
367044.17749319685
367046.0
367054.1774853606
367054.17749319685
367056.0
367064.1283411187
367064.12834895495
367066.0
367074.1774853606
367074.17749319685
367076.0
367084.1774853606
367084.17749319685
367086.0
367094.1774853606
367094.17749319685
367096.0
367104.1774853606
367104.17749319685
367106.0
367114.1774853606
367114.17749319685
367116.0
367124.1774853606
367124.17749319685
367126.0
367136.0
367146.0
367156.0
367166.0
367176.0
367186.0
367196.0
367206.0
367216.0
367226.0
367236.0
367246.0
367256.0
367266.0
367276.0
367286.0
367296.0
367306.0
367316.0
367326.0
367336.0
367346.0
367356.0
367366.0
367376.0
367386.0
367396.0
367406.0
367416.0
367426.0
367436.0
367446.0
367456.0
367466.0
367476.0
367486.0
367496.0
367506.0
367516.0
367526.0
367536.0
367546.0
367556.0
367566.0
367576.0
367586.0
367596.0
367606.0
367616.0
367626.0
367636.0
367646.0
367656.0
367666.0
367676.0
367686.0
367696.0
367706.0
367716.0
367726.0
367736.0
367746.0
367756.0
367766.0
367776.0
367786.0
367796.0
367806.0
367816.0
367826.0
367836.0
367846.0
367856.0
367866.0
367876.0
367886.0
367896.0
367906.0
367916.0
367926.0
367936.0
367946.0
367956.0
367966.0
367976.0
367986.0
367996.0
368006.0
368016.0
368026.0
368036.0
368046.0
368056.0
