0
15.424555936661363
16.49974928588381
16.499749285885628
25.02585463795549
35.02585463795549
45.02585463795549
47.10000000000582
56.17444135330152
1116.7021905092988
1297.0999999999767
0
15.06423441490233
15.064234414903694
24.665533116196457
25.467780217237305
34.544773655165045
44.64961815880815
54.770377619890496
1096.573320811498
1205.8103717413615
0
14.244345597102892
14.244345597104257
23.546942999695602
33.5469429996956
43.5469429996956
47.10000000000582
147.10000000000582
157.10000000000582
157.30379730515415
167.10000000000582
176.82040100093582
176.8931419949513
186.8931419949513
977.0999999999767
1237.8296182920458
0
14.750301437613416
14.813971928432238
14.813971928433602
24.310433962331444
34.11656933102495
34.310433962331444
44.11656933102495
44.310433962331444
138.19206135638524
147.10000000000582
147.91403677346534
156.3467316061724
157.09585287453956
157.10000000000582
157.49465875892201
157.59950326260878
162.942030837934
163.24073213664815
164.4022806455614
165.44588556105737
174.7169047378702
185.44588556105737
1147.0999999999767
0
14.640426091029894
14.640426091031259
17.099999999998545
33.82226403259483
34.1368881249291
47.099999999998545
54.047867997258436
67.09999999999854
979.3896905706788
0
14.640426091029894
14.640426091031259
17.099999999998545
33.82226403259483
34.1368881249291
47.099999999998545
63.92710853623066
64.04786799725844
147.8772177278879
148.1561615440005
156.34230406786082
159.60021303535905
167.30379730515415
186.84995692616212
279.3058145811083
289.41065908479504
299.3058145811083
299.91913997213123
301.50065712613286
309.3058145811083
378.45013801183086
388.3293785507558
388.85368381417356
398.0514367130818
398.5565178366378
409.28720292495564
418.0355217556935
419.07597859646194
1297.0999999999767
0
25.025854637960038
25.20494409107414
35.02585463795549
45.21971926925471
47.10000000000582
57.10000000000582
1127.1000000000058
1297.0999999999767
