57002.02064299693
57002.02065107033
57006.0
57016.0
57026.0
57026.7505694061
57026.75057747949
57036.0
57046.0
57056.0
57066.0
57076.0
57086.0
57096.0
57106.0
57116.0
57126.0
57136.0
57146.0
57156.0
57166.0
57176.0
57186.0
57196.0
57206.0
57216.0
57226.0
57236.0
57246.0
57256.0
57266.0
57276.0
57286.0
57296.0
57306.0
57316.0
57326.0
57336.0
57346.0
57356.0
57366.0
57376.0
57386.0
57396.0
57406.0
57416.0
57426.0
57436.0
57446.0
57456.0
57466.0
57476.0
57486.0
57496.0
57506.0
57516.0
57526.0
57536.0
57546.0
57556.0
57566.0
57576.0
57586.0
57596.0
57606.0
57616.0
57626.0
57636.0
57646.0
57656.0
57666.0
57676.0
57686.0
57696.0
57706.0
57716.0
57726.0
57736.0
57746.0
57756.0
57766.0
57776.0
57786.0
57796.0
57806.0
57816.0
57826.0
57836.0
57846.0
57856.0
57866.0
57876.0
57886.0
57896.0
57906.0
57916.0
57926.0
57936.0
57946.0
57956.0
57966.0
57976.0
133006.0
133006.37947821728
133006.37948629068
133016.0
133016.37947821728
133016.37948629068
133026.0
133026.37947821728
133026.37948629068
133036.0
133036.37947821728
133036.37948629068
133046.0
133046.37947821728
133046.37948629068
133056.0
133056.37947821728
133056.37948629068
133066.0
133076.0
133076.37947821728
133076.37948629068
133086.0
133086.37947821728
133086.37948629068
133096.0
133096.37947821728
133096.37948629068
133106.0
133106.37947821728
133106.37948629068
133116.0
133116.37947821728
133116.37948629068
133126.0
133126.37947821728
133126.37948629068
133136.0
133146.0
133156.0
133166.0
133176.0
133186.0
133196.0
133206.0
133216.0
133226.0
133236.0
133246.0
133256.0
133266.0
133276.0
133286.0
133296.0
133306.0
133316.0
133326.0
133336.0
133346.0
133356.0
133366.0
133376.0
133386.0
133396.0
133406.0
133416.0
133426.0
133436.0
133446.0
133456.0
133466.0
133476.0
133486.0
133496.0
133506.0
133516.0
133526.0
133536.0
133546.0
133556.0
133566.0
133576.0
133586.0
133596.0
133606.0
133616.0
133626.0
133636.0
133646.0
133656.0
133666.0
133676.0
133686.0
133696.0
133706.0
133716.0
133726.0
133736.0
133746.0
133756.0
133766.0
133776.0
133786.0
133796.0
133806.0
133816.0
133826.0
133836.0
133846.0
133856.0
133866.0
133876.0
133886.0
133896.0
133906.0
133916.0
133926.0
133936.0
133946.0
133956.0
133966.0
133976.0
133986.0
133996.0
134006.0
134016.0
134026.0
134036.0
134046.0
134056.0
134066.0
134076.0
134086.0
134096.0
134106.0
134116.0
134126.0
134136.0
134146.0
134156.0
134166.0
134176.0
243006.0
243006.43444037548
243006.43444844888
243016.0
243016.43444037548
243016.43444844888
243026.0
243036.0
243036.43444037548
243036.43444844888
243046.0
243046.43444037548
243046.43444844888
243056.0
243056.43444037548
243056.43444844888
243066.0
243067.927946869
243067.9279549424
243076.0
243077.927946869
243077.9279549424
243077.9279630158
243077.9279710892
243077.9279791626
243077.927987236
243086.0
243087.927946869
243087.9279549424
243087.9279630158
243087.9279710892
243087.9279791626
243087.927987236
243096.0
243099.1227520638
243099.1227601372
243099.1227682106
243099.122776284
243099.1227843574
243099.1227924308
243099.1228005042
243099.1228085776
243099.122816651
243099.1228247244
243106.0
243109.1227520638
243109.1227601372
243109.1227682106
243109.122776284
243109.1227843574
243109.1227924308
243109.1228005042
243109.1228085776
243109.122816651
243109.1228247244
243116.0
243119.1227520638
243119.1227601372
243119.1227682106
243119.122776284
243119.1227843574
243119.1227924308
243119.1228005042
243119.1228085776
243119.122816651
243119.1228247244
243126.0
243127.927946869
243127.9279549424
243127.9279630158
243127.9279710892
243127.9279791626
243127.927987236
243136.0
243146.0
243156.0
243166.0
243176.0
243186.0
243196.0
243206.0
243216.0
243226.0
243236.0
243246.0
243256.0
243266.0
243276.0
243286.0
243296.0
243306.0
243316.0
243326.0
243336.0
243346.0
243356.0
243366.0
243376.0
243386.0
243396.0
243406.0
243416.0
243426.0
243436.0
243446.0
243456.0
243466.0
243476.0
243486.0
243496.0
243506.0
243516.0
243526.0
243536.0
243546.0
243556.0
243566.0
243576.0
243586.0
243596.0
243606.0
243616.0
243626.0
243636.0
243646.0
243656.0
243666.0
243676.0
243686.0
243696.0
243706.0
243716.0
243726.0
243736.0
243746.0
243756.0
243766.0
243776.0
243786.0
243796.0
243806.0
243816.0
243826.0
243836.0
243846.0
243856.0
243866.0
243876.0
243886.0
243896.0
243906.0
243916.0
243926.0
243936.0
243946.0
384006.0
384006.5405567322
384006.5405648056
384006.540572879
384006.5405809524
384006.5405890258
384006.5405970992
384016.0
384024.31278909504
384024.31279716844
384024.31280524185
384024.31281331525
384024.31282138865
384024.31282946205
384026.0
384026.5405567322
384026.5405648056
384026.540572879
384026.5405809524
384026.5405890258
384026.5405970992
384036.0
384044.31278909504
384044.31279716844
384046.0
384046.5405567322
384046.5405648056
384046.540572879
384046.5405809524
384046.5405890258
384046.5405970992
384056.0
384064.31278909504
384064.31279716844
384066.0
384074.31278909504
384074.31279716844
384076.0
384076.5405567322
384076.5405648056
384076.540572879
384076.5405809524
384076.5405890258
384076.5405970992
384086.0
384086.5405567322
384086.5405648056
384086.540572879
384086.5405809524
384086.5405890258
384086.5405970992
384096.0
384096.2418554335
384096.2418635069
384096.2418715803
384096.2418796537
384096.2418877271
384096.2418958005
384096.2419038739
384096.2419119473
384096.2419200207
384096.2419280941
384106.0
384107.735361927
384107.7353700004
384107.7353780738
384107.7353861472
384107.7353942206
384107.735402294
384107.73541036743
384107.73541844083
384107.73542651423
384107.73543458764
384116.0
384117.735361927
384117.7353700004
384117.7353780738
384117.7353861472
384117.7353942206
384117.735402294
384117.73541036743
384117.73541844083
384117.73542651423
384117.73543458764
384126.0
384134.64834894
384134.6483570134
384136.0
384146.0
384156.0
384166.0
384176.0
384186.0
384196.0
384206.0
384216.0
384226.0
384236.0
384246.0
384256.0
384266.0
384276.0
384286.0
384296.0
384306.0
384316.0
384326.0
384336.0
384346.0
384356.0
384366.0
384376.0
384386.0
384396.0
384406.0
384416.0
384426.0
384436.0
384446.0
384456.0
384466.0
384476.0
384486.0
384496.0
384506.0
384516.0
384526.0
384536.0
384546.0
384556.0
384566.0
384576.0
384586.0
384596.0
384606.0
384616.0
384626.0
384636.0
384646.0
384656.0
384666.0
384676.0
384686.0
384696.0
384706.0
384716.0
384726.0
384736.0
384746.0
500004.92857643764
500006.0
500014.92857643764
500016.0
500024.92857643764
500026.0
500036.0
500043.73639341426
500044.43379601167
500046.0
500056.0
500066.0
500073.73639341426
500073.73640132416
500074.43379601167
500076.0
500084.43379601167
500086.0
500096.0
500106.0
500116.0
500126.0
500134.46156413434
500134.46157204424
500136.0
500146.0
500146.10262217146
500146.10263008135
500156.0
500164.43379601167
500166.0
500176.0
500186.0
500193.73639341426
500193.73640132416
500194.43379601167
500196.0
500204.43379601167
500206.0
500214.43379601167
500216.0
500224.43379601167
500226.0
500236.0
500246.0
500246.10262217146
500246.10263008135
500256.0
500266.0
500276.0
500286.0
500296.0
500306.0
500316.0
500326.0
500336.0
500346.0
500356.0
500366.0
500376.0
500386.0
500396.0
500406.0
500416.0
500426.0
500436.0
500446.0
500456.0
500466.0
500476.0
500486.0
500496.0
500506.0
500516.0
500526.0
500536.0
500546.0
500556.0
500566.0
500576.0
500586.0
500596.0
500606.0
500616.0
500626.0
500636.0
500646.0
500656.0
500666.0
500676.0
500686.0
500696.0
500706.0
500716.0
500726.0
500729.63281288306
500736.0
500746.0
500756.0
500766.0
500776.0
500786.0
500796.0
500806.0
500816.0
500826.0
500836.0
500846.0
500856.0
500866.0
500876.0
500886.0
500896.0
500906.0
500916.0
500926.0
500936.0
500946.0
500956.0
57002.32377000012
57002.323778073514
57006.0
57016.0
57026.0
57026.7505694061
57026.75057747949
57036.0
57046.0
57056.0
57066.0
57076.0
57086.0
57096.0
57106.0
57116.0
57126.0
57136.0
57146.0
57156.0
57166.0
57176.0
57186.0
57196.0
57206.0
57216.0
57226.0
57236.0
57246.0
57256.0
57266.0
57276.0
57286.0
57296.0
57306.0
57316.0
57326.0
57336.0
57346.0
57356.0
57366.0
57376.0
57386.0
57396.0
57406.0
57416.0
57426.0
57436.0
57446.0
57456.0
57466.0
57476.0
57486.0
57496.0
57506.0
57516.0
57526.0
57536.0
57546.0
57556.0
57566.0
57576.0
57586.0
57596.0
57606.0
57616.0
57626.0
57636.0
57646.0
57656.0
57666.0
57676.0
57686.0
57696.0
57706.0
57716.0
57726.0
57736.0
57746.0
57756.0
57766.0
57776.0
57786.0
57796.0
57806.0
57816.0
57826.0
57836.0
57846.0
57856.0
57866.0
57876.0
57886.0
57896.0
57906.0
57916.0
57926.0
57936.0
57946.0
57956.0
57966.0
57976.0
133006.0
133006.37947821728
133006.37948629068
133016.0
133016.37947821728
133016.37948629068
133026.0
133026.37947821728
133026.37948629068
133036.0
133036.37947821728
133036.37948629068
133046.0
133046.37947821728
133046.37948629068
133056.0
133056.37947821728
133056.37948629068
133066.0
133075.9807769186
133075.980784992
133076.0
133085.4883033163
133085.4883113897
133086.0
133095.4883033163
133095.4883113897
133095.4883194631
133095.4883275365
133095.4883356099
133095.4883436833
133096.0
133105.4883033163
133105.4883113897
133105.4883194631
133105.4883275365
133105.4883356099
133105.4883436833
133105.4883517567
133105.4883598301
133105.4883679035
133105.4883759769
133106.0
133115.9807769186
133115.980784992
133115.9807930654
133115.9808011388
133115.9808092122
133115.9808172856
133115.980825359
133115.9808334324
133115.9808415058
133115.9808495792
133116.0
133125.4883033163
133125.4883113897
133125.4883194631
133125.4883275365
133125.4883356099
133125.4883436833
133125.4883517567
133125.4883598301
133125.4883679035
133125.4883759769
133126.0
133136.0
133146.0
133156.0
133166.0
133176.0
133186.0
133196.0
133206.0
133216.0
133226.0
133236.0
133246.0
133256.0
133266.0
133276.0
133286.0
133296.0
133306.0
133316.0
133326.0
133336.0
133346.0
133356.0
133366.0
133376.0
133386.0
133396.0
133406.0
133416.0
133426.0
133436.0
133446.0
133456.0
133466.0
133476.0
133486.0
133496.0
133506.0
133516.0
133526.0
133536.0
133546.0
133556.0
133566.0
133576.0
133586.0
133596.0
133606.0
133616.0
133626.0
133636.0
133646.0
133656.0
133666.0
133676.0
133686.0
133696.0
133706.0
133716.0
133726.0
133736.0
133746.0
133756.0
133766.0
133776.0
133786.0
133796.0
133806.0
133816.0
133826.0
133836.0
133846.0
133856.0
133866.0
133876.0
133886.0
133896.0
133906.0
133916.0
133926.0
133936.0
133946.0
133956.0
133966.0
133976.0
133986.0
133996.0
134006.0
134016.0
134026.0
134036.0
134046.0
134056.0
134065.02998701629
134065.0299950897
134065.0300031631
134065.0300112365
134065.0300193099
134065.0300273833
134065.0300354567
134065.0300435301
134065.0300516035
134065.0300596769
134066.0
134076.0
134086.0
134096.0
134106.0
134116.0
134126.0
134136.0
134146.0
134156.0
134166.0
134176.0
243006.0
243006.43444037548
243006.43444844888
243016.0
243016.43444037548
243016.43444844888
243026.0
243026.43444037548
243026.43444844888
243036.0
243036.43444037548
243036.43444844888
243046.0
243046.43444037548
243046.43444844888
243056.0
243056.43444037548
243056.43444844888
243066.0
243067.927946869
243067.9279549424
243076.0
243086.0
243086.7331416742
243086.7331497476
243096.0
243106.0
243106.43444037548
243106.43444844888
243116.0
243116.43444037548
243116.43444844888
243126.0
243126.43444037548
243126.43444844888
243136.0
243146.0
243156.0
243166.0
243176.0
243186.0
243196.0
243206.0
243216.0
243226.0
243236.0
243246.0
243256.0
243266.0
243276.0
243286.0
243296.0
243306.0
243316.0
243326.0
243336.0
243346.0
243356.0
243366.0
243376.0
243386.0
243396.0
243406.0
243416.0
243426.0
243436.0
243446.0
243456.0
243466.0
243476.0
243486.0
243496.0
243506.0
243516.0
243526.0
243536.0
243546.0
243556.0
243566.0
243576.0
243586.0
243596.0
243606.0
243616.0
243626.0
243636.0
243646.0
243656.0
243666.0
243676.0
243686.0
243696.0
243706.0
243716.0
243726.0
243736.0
243746.0
243756.0
243766.0
243776.0
243786.0
243796.0
243806.0
243816.0
243826.0
243836.0
243846.0
243856.0
243866.0
243876.0
243886.0
243896.0
243906.0
243916.0
243926.0
243936.0
243946.0
384006.0
384014.31278909504
384014.31279716844
384016.0
384016.5405567322
384016.5405648056
384016.540572879
384016.5405809524
384016.5405890258
384016.5405970992
384026.0
384026.5405567322
384026.5405648056
384026.540572879
384026.5405809524
384026.5405890258
384026.5405970992
384036.0
384036.5405567322
384036.5405648056
384036.540572879
384036.5405809524
384036.5405890258
384036.5405970992
384046.0
384046.5405567322
384046.5405648056
384046.540572879
384046.5405809524
384046.5405890258
384046.5405970992
384056.0
384056.5405567322
384056.5405648056
384056.540572879
384056.5405809524
384056.5405890258
384056.5405970992
384066.0
384074.31278909504
384074.31279716844
384074.31280524185
384074.31281331525
384074.31282138865
384074.31282946205
384076.0
384085.3457515374
384085.3457596108
384086.0
384096.0
384096.5405567322
384096.5405648056
384096.540572879
384096.5405809524
384096.5405890258
384096.5405970992
384106.0
384106.5405567322
384106.5405648056
384106.540572879
384106.5405809524
384106.5405890258
384106.5405970992
384116.0
384116.5405567322
384116.5405648056
384116.540572879
384116.5405809524
384116.5405890258
384116.5405970992
384126.0
384126.5405567322
384126.5405648056
384126.540572879
384126.5405809524
384126.5405890258
384126.5405970992
384136.0
384146.0
384156.0
384166.0
384176.0
384186.0
384196.0
384206.0
384216.0
384226.0
384236.0
384246.0
384256.0
384266.0
384276.0
384286.0
384296.0
384306.0
384316.0
384326.0
384336.0
384346.0
384356.0
384366.0
384376.0
384386.0
384396.0
384406.0
384416.0
384426.0
384436.0
384446.0
384456.0
384466.0
384476.0
384486.0
384496.0
384506.0
384516.0
384526.0
384536.0
384546.0
384556.0
384566.0
384576.0
384586.0
384596.0
384606.0
384616.0
384626.0
384636.0
384646.0
384656.0
384666.0
384676.0
384686.0
384696.0
384706.0
384716.0
384726.0
384736.0
384746.0
500006.0
500016.0
500016.10262217146
500016.10263008135
500024.43379601167
500026.0
500034.13509471295
500036.0
500044.43379601167
500046.0
500054.43379601167
500056.0
500064.3403390558
500066.0
500075.71190557454
500076.0
500085.505219574
500086.0
500094.43379601167
500096.0
500104.13509471295
500106.0
500116.0
500126.0
500126.2233816325
500126.22338954237
500136.0
500144.4156587221
500146.0
500156.0
500164.92857643764
500166.0
500174.92857643764
500176.0
500184.92857643764
500186.0
500194.92857643764
500196.0
500204.92857643764
500206.0
500214.92857643764
500216.0
500224.92857643764
500226.0
500234.92857643764
500236.0
500244.92857643764
500246.0
500256.0
500266.0
500276.0
500286.0
500296.0
500306.0
500316.0
500326.0
500336.0
500346.0
500356.0
500366.0
500376.0
500386.0
500396.0
500406.0
500416.0
500426.0
500436.0
500446.0
500456.0
500466.0
500476.0
500486.0
500496.0
500506.0
500516.0
500526.0
500536.0
500546.0
500556.0
500566.0
500576.0
500577.448481481
500586.0
500596.0
500606.0
500616.0
500626.0
500636.0
500646.0
500656.0
500666.0
500676.0
500686.0
500696.0
500706.0
500716.0
500726.0
500736.0
500746.0
500756.0
500766.0
500776.0
500786.0
500796.0
500806.0
500816.0
500826.0
500836.0
500846.0
500856.0
500866.0
500876.0
500886.0
500896.0
500906.0
500916.0
500926.0
500936.0
500946.0
500956.0
