2144000.2773485878
2144010.2773485878
2144020.2773485878
2144030.2773485878
2144040.2773485878
2144050.2773485878
2144060.2773485878
2144000.2773485878
2144010.2773485878
2144020.2773485878
2144030.2773485878
2144040.2773485878
2144050.2773485878
2144060.2773485878
1692001.050267289
1692011.050267289
1692021.050267289
1692031.050267289
1692041.050267289
1692051.050267289
1692001.050267289
1692011.050267289
1692021.050267289
1692031.050267289
1692041.050267289
1692051.050267289
1692061.050267289
1692001.050267289
1692021.050267289
1692031.050267289
1692041.050267289
1692051.050267289
1692061.050267289
1692001.050267289
1692021.050267289
1692031.050267289
1692041.050267289
1692051.050267289
1692061.050267289
1692011.050267289
1692021.050267289
1692031.050267289
1692041.050267289
1692051.050267289
1692061.050267289
1692001.050267289
1692011.050267289
1692021.050267289
1692041.050267289
1692051.050267289
1692061.050267289
1692001.050267289
1692011.050267289
1692021.050267289
1692031.050267289
1692041.050267289
1692051.050267289
1692061.050267289
1692001.050267289
1692011.050267289
1692021.050267289
1692031.050267289
1692041.050267289
1692051.050267289
1692061.050267289
1692001.050267289
1692011.050267289
1692021.050267289
1692031.050267289
1692041.050267289
1692051.050267289
1692061.050267289
