57006.0
57016.0
57026.0
57026.755011257366
57026.75501933076
57036.0
57046.0
57056.0
57066.0
57076.0
57086.0
57096.0
57106.0
57116.0
57126.0
57136.0
57146.0
57156.0
57166.0
57176.0
57186.0
57196.0
57206.0
57216.0
57226.0
57236.0
57246.0
57256.0
57266.0
57276.0
57286.0
57296.0
57306.0
57316.0
57326.0
57336.0
57346.0
57356.0
57366.0
57376.0
57386.0
57396.0
57406.0
57416.0
57426.0
57436.0
57446.0
57456.0
57466.0
57476.0
57486.0
57496.0
57506.0
57516.0
57526.0
57536.0
57546.0
57556.0
57566.0
57576.0
57586.0
57596.0
57606.0
57616.0
57626.0
57636.0
57646.0
57656.0
57666.0
57676.0
57686.0
57696.0
57706.0
57716.0
57726.0
57736.0
57746.0
57756.0
57766.0
57776.0
57786.0
57796.0
57806.0
57816.0
57826.0
57836.0
57846.0
57856.0
57866.0
57876.0
57886.0
57896.0
57906.0
57916.0
57926.0
57936.0
57946.0
57956.0
57966.0
57976.0
57986.0
133005.3945310127
133005.3945390861
133006.0
133015.3945310127
133015.3945390861
133016.0
133025.3945310127
133025.3945390861
133026.0
133035.3945310127
133035.3945390861
133036.0
133045.3945310127
133045.3945390861
133046.0
133055.3945310127
133055.3945390861
133056.0
133066.0
133066.8880375062
133066.8880455796
133076.0
133085.3945310127
133085.3945390861
133086.0
133095.3945310127
133095.3945390861
133096.0
133105.3945310127
133105.3945390861
133106.0
133115.3945310127
133115.3945390861
133116.0
133125.3945310127
133125.3945390861
133126.0
133136.0
133146.0
133156.0
133166.0
133176.0
133186.0
133196.0
133206.0
133216.0
133226.0
133236.0
133246.0
133256.0
133266.0
133276.0
133286.0
133296.0
133306.0
133316.0
133326.0
133336.0
133346.0
133356.0
133366.0
133376.0
133386.0
133396.0
133406.0
133416.0
133426.0
133436.0
133446.0
133456.0
133466.0
133476.0
133486.0
133496.0
133506.0
133516.0
133526.0
133536.0
133546.0
133556.0
133566.0
133576.0
133586.0
133596.0
133606.0
133616.0
133626.0
133636.0
133646.0
133656.0
133666.0
133676.0
133686.0
133696.0
133706.0
133716.0
133726.0
133736.0
133746.0
133756.0
133766.0
133776.0
133786.0
133796.0
133806.0
133816.0
133826.0
133836.0
133846.0
133856.0
133866.0
133876.0
133886.0
133896.0
133906.0
133916.0
133926.0
133936.0
133946.0
133956.0
133966.0
133976.0
133986.0
133996.0
134006.0
134016.0
134026.0
134036.0
134046.0
134056.0
134066.0
134076.0
134086.0
134096.0
134106.0
134116.0
134126.0
134136.0
134146.0
243005.39845252148
243005.39846059488
243006.0
243015.39845252148
243015.39846059488
243016.0
243025.39845252148
243025.39846059488
243026.0
243035.39845252148
243035.39846059488
243036.0
243045.39845252148
243045.39846059488
243046.0
243055.39845252148
243055.39846059488
243056.0
243066.0
243067.4099690888
243067.4099771622
243076.0
243077.4100013824
243077.4100094558
243086.0
243087.4100013824
243087.4100094558
243096.0
243098.60483887082
243098.60484694422
243106.0
243108.60483887082
243108.60484694422
243108.60485501762
243108.60486309102
243108.60487116443
243108.60487923783
243116.0
243118.60483887082
243118.60484694422
243118.60485501762
243118.60486309102
243118.60487116443
243118.60487923783
243118.60488731123
243118.60489538463
243118.60490345804
243118.60491153144
243126.0
243127.4100013824
243127.4100094558
243136.0
243146.0
243156.0
243166.0
243176.0
243186.0
243196.0
243206.0
243216.0
243226.0
243236.0
243246.0
243256.0
243266.0
243276.0
243286.0
243296.0
243306.0
243316.0
243326.0
243336.0
243346.0
243356.0
243366.0
243376.0
243386.0
243396.0
243406.0
243416.0
243426.0
243436.0
243446.0
243456.0
243466.0
243476.0
243486.0
243496.0
243506.0
243516.0
243526.0
243536.0
243546.0
243556.0
243566.0
243576.0
243586.0
243596.0
243606.0
243616.0
243626.0
243636.0
243646.0
243656.0
243666.0
243676.0
243686.0
243696.0
243706.0
384006.0
384006.20504532766
384006.20505340106
384016.0
384023.9772776905
384023.9772857639
384026.0
384026.20504532766
384026.20505340106
384036.0
384046.0
384046.20504532766
384046.20505340106
384056.0
384066.0
384073.9772453969
384073.9772534703
384076.0
384076.20504532766
384076.20505340106
384086.0
384086.20504532766
384086.20505340106
384096.0
384106.0
384107.39988281607
384107.3998908895
384116.0
384117.39988281607
384117.3998908895
384126.0
384136.0
384146.0
384156.0
384166.0
384176.0
384186.0
384196.0
384206.0
384216.0
384226.0
384236.0
384246.0
384256.0
384266.0
384276.0
384286.0
384296.0
384306.0
384316.0
384326.0
384336.0
384346.0
384356.0
384366.0
384376.0
384386.0
384396.0
384406.0
384416.0
384426.0
384436.0
384446.0
384456.0
384466.0
384476.0
384486.0
384496.0
384506.0
384516.0
384526.0
384536.0
384546.0
384556.0
384566.0
384576.0
384586.0
384596.0
384606.0
384616.0
384626.0
384636.0
384646.0
384656.0
384666.0
384676.0
384686.0
384696.0
384706.0
384716.0
384726.0
384736.0
384746.0
384756.0
384766.0
384776.0
384786.0
384796.0
384806.0
384816.0
384826.0
384836.0
384846.0
384856.0
384866.0
384876.0
384886.0
384896.0
384906.0
384916.0
384926.0
384936.0
384946.0
384956.0
384966.0
384976.0
384986.0
384996.0
385006.0
385016.0
385026.0
385036.0
385046.0
385056.0
385066.0
385076.0
385086.0
385096.0
385106.0
385116.0
385126.0
385136.0
385146.0
385156.0
385166.0
500005.5815152804
500006.0
500015.5815152804
500016.0
500025.5815152804
500026.0
500036.0
500045.0422710998
500046.0
500055.0422710998
500055.5815152804
500056.0
500066.0
500075.0422710998
500076.0
500085.4607558194
500086.0
500095.0422710998
500095.5815152804
500096.0
500096.7611106063
500106.0
500115.4409723985
500116.0
500125.4409723985
500126.0
500136.0
500145.0422710998
500146.0
500155.0422710998
500156.0
500165.4607558194
500166.0
500175.0422710998
500175.5815152804
500176.0
500186.0
500195.0422710998
500196.0
500205.0422710998
500206.0
500215.0422710998
500216.0
500226.0
500235.0422710998
500236.0
500245.0422710998
500246.0
500256.0
500266.0
500276.0
500286.0
500296.0
500306.0
500316.0
500326.0
500336.0
500346.0
500356.0
500366.0
500376.0
500386.0
500396.0
500406.0
500416.0
500426.0
500436.0
500446.0
500456.0
500466.0
500476.0
500486.0
500496.0
500506.0
500516.0
500526.0
500536.0
500546.0
500556.0
500566.0
500576.0
500586.0
500596.0
500606.0
500616.0
500626.0
500636.0
500646.0
500656.0
500666.0
500676.0
500686.0
500696.0
500706.0
500716.0
500726.0
500729.96370800893
500736.0
500746.0
500756.0
500766.0
500776.0
500786.0
500796.0
500806.0
500816.0
500826.0
500836.0
500846.0
500856.0
500866.0
500876.0
500886.0
500896.0
57002.32821185139
57002.328219924784
57006.0
57016.0
57026.0
57026.755011257366
57026.75501933076
57036.0
57046.0
57056.0
57066.0
57076.0
57086.0
57096.0
57106.0
57116.0
57126.0
57136.0
57146.0
57156.0
57166.0
57176.0
57186.0
57196.0
57206.0
57216.0
57226.0
57236.0
57246.0
57256.0
57266.0
57276.0
57286.0
57296.0
57306.0
57316.0
57326.0
57336.0
57346.0
57356.0
57366.0
57376.0
57386.0
57396.0
57406.0
57416.0
57426.0
57436.0
57446.0
57456.0
57466.0
57476.0
57486.0
57496.0
57506.0
57516.0
57526.0
57536.0
57546.0
57556.0
57566.0
57576.0
57586.0
57596.0
57606.0
57616.0
57626.0
57636.0
57646.0
57656.0
57666.0
57676.0
57686.0
57696.0
57706.0
57716.0
57726.0
57736.0
57746.0
57756.0
57766.0
57776.0
57786.0
57796.0
57806.0
57816.0
57826.0
57836.0
57846.0
57856.0
57866.0
57876.0
57886.0
57896.0
57906.0
57916.0
57926.0
57936.0
57946.0
57956.0
57966.0
57976.0
57986.0
133005.3945310127
133005.3945390861
133006.0
133015.3945310127
133015.3945390861
133016.0
133025.3945310127
133025.3945390861
133026.0
133035.3945310127
133035.3945390861
133036.0
133045.3945310127
133045.3945390861
133046.0
133055.3945310127
133055.3945390861
133056.0
133066.0
133076.0
133086.0
133094.9958781544
133094.9958862278
133096.0
133104.99591044802
133104.99591852142
133106.0
133115.48838405032
133115.48839212372
133116.0
133126.0
133136.0
133146.0
133156.0
133166.0
133176.0
133186.0
133196.0
133206.0
133216.0
133226.0
133236.0
133246.0
133256.0
133266.0
133276.0
133286.0
133296.0
133306.0
133316.0
133326.0
133336.0
133346.0
133356.0
133366.0
133376.0
133386.0
133396.0
133406.0
133416.0
133426.0
133436.0
133446.0
133456.0
133466.0
133476.0
133486.0
133496.0
133506.0
133516.0
133526.0
133536.0
133546.0
133556.0
133566.0
133576.0
133586.0
133596.0
133606.0
133616.0
133626.0
133636.0
133646.0
133656.0
133666.0
133676.0
133686.0
133696.0
133706.0
133716.0
133726.0
133736.0
133746.0
133756.0
133766.0
133776.0
133786.0
133796.0
133806.0
133816.0
133826.0
133836.0
133846.0
133856.0
133866.0
133876.0
133886.0
133896.0
133906.0
133916.0
133926.0
133936.0
133946.0
133956.0
133966.0
133976.0
133986.0
133996.0
134006.0
134016.0
134026.0
134036.0
134046.0
134056.0
134064.53759414802
134064.53760222142
134066.0
134076.0
134086.0
134096.0
134106.0
134116.0
134126.0
134136.0
134146.0
243005.39845252148
243005.39846059488
243006.0
243015.39845252148
243015.39846059488
243016.0
243025.39845252148
243025.39846059488
243026.0
243035.39845252148
243035.39846059488
243036.0
243045.39845252148
243045.39846059488
243046.0
243055.39845252148
243055.39846059488
243056.0
243066.0
243067.4099690888
243067.4099771622
243076.0
243084.9997512228
243084.9997592962
243086.0
243086.215163894
243086.2151719674
243096.0
243105.39845252148
243105.39846059488
243106.0
243115.39845252148
243115.39846059488
243116.0
243125.39845252148
243125.39846059488
243126.0
243136.0
243146.0
243156.0
243166.0
243176.0
243186.0
243196.0
243206.0
243216.0
243226.0
243236.0
243246.0
243256.0
243266.0
243276.0
243286.0
243296.0
243306.0
243316.0
243326.0
243336.0
243346.0
243356.0
243366.0
243376.0
243386.0
243396.0
243406.0
243416.0
243426.0
243436.0
243446.0
243456.0
243466.0
243476.0
243486.0
243496.0
243506.0
243516.0
243526.0
243536.0
243546.0
243556.0
243566.0
243576.0
243586.0
243596.0
243606.0
243616.0
243626.0
243636.0
243646.0
243656.0
243666.0
243676.0
243686.0
243696.0
243706.0
384006.0
384016.0
384016.20504532766
384016.20505340106
384026.0
384026.20504532766
384026.20505340106
384036.0
384036.20504532766
384036.20505340106
384046.0
384046.20504532766
384046.20505340106
384056.0
384056.20504532766
384056.20505340106
384066.0
384073.9772776905
384073.9772857639
384074.6746318475
384074.6746399209
384076.0
384085.01020783925
384085.01021591265
384086.0
384096.0
384096.20504532766
384096.20505340106
384106.0
384106.20504532766
384106.20505340106
384116.0
384116.20504532766
384116.20505340106
384126.0
384126.20504532766
384126.20505340106
384136.0
384146.0
384156.0
384166.0
384176.0
384186.0
384196.0
384206.0
384216.0
384226.0
384236.0
384246.0
384256.0
384266.0
384276.0
384286.0
384296.0
384306.0
384316.0
384326.0
384336.0
384346.0
384356.0
384366.0
384376.0
384386.0
384396.0
384406.0
384416.0
384426.0
384436.0
384446.0
384456.0
384466.0
384476.0
384486.0
384496.0
384506.0
384516.0
384526.0
384536.0
384546.0
384556.0
384566.0
384576.0
384586.0
384596.0
384606.0
384616.0
384626.0
384636.0
384646.0
384656.0
384666.0
384676.0
384686.0
384696.0
384706.0
384716.0
384726.0
384736.0
384746.0
384756.0
384766.0
384776.0
384786.0
384796.0
384806.0
384816.0
384826.0
384836.0
384846.0
384856.0
384866.0
384876.0
384886.0
384896.0
384906.0
384916.0
384926.0
384936.0
384946.0
384956.0
384966.0
384976.0
384986.0
384996.0
385006.0
385016.0
385026.0
385036.0
385046.0
385056.0
385066.0
385076.0
385086.0
385096.0
385106.0
385116.0
385126.0
385136.0
385146.0
385156.0
385166.0
500005.0422710998
500006.0
500015.0422710998
500016.0
500025.7396736972
500025.7396816071
500026.0
500036.0
500046.0
500056.0
500065.0422710998
500065.7396736972
500066.0
500075.0422710998
500076.0
500085.0422710998
500085.0422790097
500085.0422869196
500086.0
500096.0
500098.1292840868
500098.1292919967
500098.1292999066
500098.1293078165
500098.1293157264
500098.1293236363
500098.1293315462
500098.1293394561
500098.129347366
500098.1293552759
500106.0
500106.6357775933
500106.6357855032
500106.6357934131
500106.635801323
500106.6358092329
500116.0
500116.03837499593
500116.0383829058
500116.0383908157
500126.0
500136.0
500145.4607558194
500146.0
500146.2789178778
500146.2789257877
500156.0
500156.57761917653
500156.57762708643
500156.5776349963
500166.0
500167.1750217739
500167.1750296838
500167.1750375937
500167.1750455036
500167.1750534135
500176.0
500176.57761917653
500176.57762708643
500176.5776349963
500186.0
500186.57761917653
500186.57762708643
500186.5776349963
500196.0
500197.1750217739
500197.1750296838
500197.1750375937
500197.1750455036
500197.1750534135
500206.0
500206.57761917653
500206.57762708643
500206.5776349963
500216.0
500226.0
500236.0
500246.0
500256.0
500266.0
500276.0
500286.0
500296.0
500306.0
500316.0
500326.0
500336.0
500346.0
500356.0
500366.0
500376.0
500386.0
500396.0
500406.0
500416.0
500426.0
500436.0
500446.0
500456.0
500466.0
500476.0
500486.0
500496.0
500506.0
500516.0
500526.0
500536.0
500546.0
500556.0
500566.0
500576.0
500579.9702856978
500579.9702936077
500579.9703015176
500579.9703094275
500586.0
500596.0
500606.0
500616.0
500626.0
500636.0
500646.0
500656.0
500666.0
500676.0
500686.0
500696.0
500706.0
500716.0
500726.0
500736.0
500746.0
500756.0
500766.0
500776.0
500786.0
500796.0
500806.0
500816.0
500826.0
500836.0
500846.0
500856.0
500866.0
500876.0
500886.0
500896.0
