27002.753325940288
27002.753334013687
27006.0
27016.0
27026.0
27036.0
27046.0
27056.0
27066.0
27076.0
27086.0
27096.0
27106.0
27116.0
27126.0
27136.0
27146.0
27156.0
27166.0
27176.0
27186.0
27196.0
27206.0
27216.0
27226.0
27236.0
27246.0
27256.0
27266.0
27276.0
27286.0
27296.0
27306.0
27316.0
27326.0
27336.0
27346.0
27356.0
27366.0
27376.0
27386.0
27396.0
27406.0
27416.0
27426.0
27436.0
27446.0
27456.0
27466.0
27476.0
27486.0
27496.0
27506.0
27516.0
27526.0
27536.0
27546.0
27556.0
27566.0
27576.0
27586.0
27596.0
27606.0
27616.0
27626.0
27636.0
27646.0
27656.0
27666.0
27676.0
27686.0
27696.0
27706.0
27716.0
27726.0
27736.0
27746.0
27756.0
27759.116910877772
27759.11691895117
27766.0
27776.0
27786.0
27796.0
27806.0
27816.0
27826.0
27836.0
27846.0
27856.0
27866.0
27876.0
27886.0
27896.0
27906.0
27916.0
27926.0
27936.0
27946.0
27956.0
27966.0
27976.0
127006.0
127013.14908365674
127013.14909173014
127015.95590949172
127015.95591756512
127016.0
127026.0
127033.14908365674
127033.14909173014
127035.99742841377
127035.99743648717
127036.0
127046.0
127053.14908365674
127053.14909173014
127056.0
127066.0
127073.14908365674
127073.14909173014
127075.95590949172
127075.95591756512
127076.0
127086.0
127093.14908365674
127093.14909173014
127095.95590949172
127095.95591756512
127096.0
127106.0
127113.14908365674
127113.14909173014
127116.0
127126.0
127133.14908365674
127133.14909173014
127136.0
127146.0
127156.0
127166.0
127176.0
127186.0
127196.0
127206.0
127216.0
127226.0
127236.0
127246.0
127256.0
127266.0
127276.0
127286.0
127296.0
127306.0
127316.0
127326.0
127336.0
127346.0
127356.0
127366.0
127376.0
127386.0
127396.0
127406.0
127416.0
127426.0
127436.0
127446.0
127456.0
127466.0
127476.0
127486.0
127496.0
127506.0
127516.0
127526.0
127536.0
127546.0
127556.0
127566.0
127576.0
127586.0
127596.0
127606.0
127616.0
127626.0
127636.0
127646.0
127656.0
127666.0
127676.0
127686.0
127696.0
127706.0
127716.0
127726.0
127736.0
127746.0
127756.0
127766.0
127776.0
127786.0
127796.0
127806.0
127816.0
127819.71820265349
127819.71821072689
127819.71821880029
127819.7182268737
127819.7182349471
127819.7182430205
127819.7182510939
127819.7182591673
127819.7182672407
127819.71827531411
127819.71828338751
127819.71829146091
127826.0
127836.0
127846.0
127856.0
127866.0
127876.0
127886.0
127896.0
127906.0
127916.0
127926.0
127936.0
127946.0
127956.0
127966.0
127976.0
127986.0
127996.0
128006.0
128016.0
128026.0
128036.0
128046.0
128056.0
128066.0
128076.0
128086.0
128096.0
128106.0
128116.0
128126.0
128136.0
128146.0
128156.0
128166.0
128176.0
238006.0
238015.56817926234
238015.56818733574
238016.0
238017.4960010682
238017.4960091416
238026.0
238035.56817926234
238035.56818733574
238036.0
238036.26558185974
238036.26558993314
238046.0
238056.0
238056.3011958734
238056.30120394682
238066.0
238068.690806263
238068.6908143364
238076.0
238078.690806263
238078.6908143364
238078.69082240982
238078.69083048322
238078.69083855662
238078.69084663002
238086.0
238088.690806263
238088.6908143364
238088.69082240982
238088.69083048322
238088.69083855662
238088.69084663002
238088.69085470343
238088.69086277683
238088.69087085023
238088.69087892363
238096.0
238097.4960010682
238097.4960091416
238097.49601721502
238097.49602528842
238097.49603336182
238097.49604143522
238106.0
238116.0
238125.56817926234
238125.56818733574
238126.0
238128.690806263
238128.6908143364
238136.0
238146.0
238156.0
238166.0
238176.0
238186.0
238196.0
238206.0
238216.0
238226.0
238236.0
238246.0
238256.0
238266.0
238276.0
238286.0
238296.0
238306.0
238316.0
238326.0
238336.0
238346.0
238356.0
238366.0
238376.0
238386.0
238396.0
238406.0
238416.0
238426.0
238436.0
238446.0
238456.0
238466.0
238476.0
238486.0
238496.0
238506.0
238516.0
238526.0
238536.0
238546.0
238556.0
238566.0
238576.0
238586.0
238596.0
238606.0
238616.0
238626.0
238636.0
238646.0
238656.0
238666.0
238676.0
238686.0
238696.0
238706.0
238716.0
238726.0
238736.0
238746.0
238756.0
238766.0
238776.0
238786.0
238796.0
238806.0
238816.0
238826.0
238836.0
238846.0
238856.0
238866.0
238876.0
238886.0
238896.0
238906.0
238916.0
238926.0
238936.0
238946.0
238956.0
238966.0
238976.0
238986.0
238996.0
239006.0
239016.0
239026.0
239036.0
239046.0
239056.0
239066.0
239076.0
239086.0
239086.72370433496
239086.72371240836
239086.72373662857
239086.72374470197
239086.72376892218
239086.72377699558
239096.0
239106.0
239116.0
379004.5468093282
379004.5468174016
379004.9455106269
379004.9455187003
379006.0
379016.0
379023.8352086021
379023.8352166755
379024.9455106269
379024.9455187003
379026.0
379036.0
379036.2130032211
379036.2130112945
379036.2130193679
379036.2130274413
379036.2130355147
379036.2130435881
379036.2130516615
379036.2130597349
379036.2130678083
379036.2130758817
379036.2130839551
379036.2130920285
379036.2131001019
379036.2131081753
379036.2131162487
379036.2131243221
379044.6152620722
379044.6152701456
379045.028548471
379045.0285565444
379046.0
379055.7905109063
379055.7905189797
379056.0
379066.0
379075.134627231
379075.1346353044
379076.0
379083.64950233174
379083.64951040514
379086.0
379095.0519763583
379095.0519844317
379096.0
379103.87672752416
379103.87673559756
379104.9455106269
379104.9455187003
379106.0
379116.0
379124.82475116587
379124.8247592393
379126.0
379136.0
379146.0
379156.0
379166.0
379176.0
379186.0
379196.0
379206.0
379216.0
379226.0
379236.0
379246.0
379256.0
379266.0
379276.0
379286.0
379296.0
379306.0
379316.0
379326.0
379336.0
379346.0
379356.0
379366.0
379376.0
379386.0
379396.0
379406.0
379416.0
379426.0
379436.0
379446.0
379456.0
379466.0
379476.0
379486.0
379496.0
379506.0
379516.0
379526.0
379536.0
379546.0
379556.0
379566.0
379576.0
379586.0
379596.0
379606.0
379616.0
379626.0
379636.0
379646.0
379656.0
379666.0
379676.0
379686.0
379696.0
379706.0
379716.0
379726.0
379736.0
379746.0
379756.0
496006.0
496016.0
496026.0
496026.0194883029
496026.0194962128
496026.01950412267
496026.01951203257
496026.01951994246
496026.01952785236
496029.1065012899
496029.1065091998
496029.10651710967
496029.10652501957
496029.10653292947
496036.0
496046.0
496056.0
496066.0
496076.0
496086.0
496096.0
496106.0
496116.0
496126.0
496136.0
496146.0
496156.0
496156.0194883029
496156.0194962128
496156.01950412267
496166.0
496176.0
496186.0
496196.0
496206.0
496216.0
496226.0
496236.0
496246.0
496256.0
496266.0
496276.0
496286.0
496296.0
496306.0
496316.0
496326.0
496336.0
496346.0
496356.0
496366.0
496376.0
496386.0
496396.0
496406.0
496416.0
496426.0
496436.0
496446.0
496456.0
496466.0
496476.0
496486.0
496496.0
496506.0
496516.0
496526.0
496536.0
496546.0
496556.0
496566.0
496576.0
496578.2364659351
496578.23647384497
496578.23648175487
496578.23648966476
496578.23649757466
496578.23650548456
496578.23651339445
496578.23652130435
496578.23652921425
496578.23653712415
496586.0
496596.0
496606.0
496616.0
496626.0
496636.0
496646.0
496656.0
496666.0
496676.0
496686.0
496696.0
496706.0
496706.0938642358
496716.0
496726.0
496726.0938642358
496726.0938721457
496726.0938800556
496736.0
496746.0
496746.0938642358
496746.0938721457
496746.0938800556
496746.0938879655
496746.0938958754
496756.0
496766.0
496766.0938642358
496772.1364659351
496776.0
496776.16013296094
496786.0
496786.0938642358
496786.0938721457
496786.0938800556
496786.0938879655
496786.0938958754
496786.0939037853
496796.0
496806.0
496816.0
496816.16013296094
496826.0
496836.0
496846.0
496856.0
496866.0
496876.0
496886.0
496896.0
496906.0
496916.0
496926.0
496936.0
496946.0
496956.0
496966.0
496976.0
496986.0
496996.0
497006.0
497016.0
497026.0
497036.0
497046.0
497056.0
497066.0
608006.0
608007.4194818428
608016.0
608017.4194818428
608026.0
608027.4194818428
608036.0
608037.4194818428
608046.0
608047.4194818428
608056.0
608057.4194818428
608066.0
608067.4194818428
608076.0
608077.4194818428
608086.0
608087.4194818428
608096.0
608097.4194818428
608106.0
608116.0
608117.4194818428
608126.0
608127.4194818428
608136.0
608137.4194818428
608146.0
608147.4194818428
608156.0
608157.4194818428
608166.0
608168.7182042245
608176.0
608177.4194818428
608186.0
608187.4194818428
608196.0
608197.4194818428
608206.0
608207.4194818428
608216.0
608217.4194818428
608226.0
608227.4194818428
608236.0
608246.0
608247.4194818428
608256.0
608266.0
608276.0
608286.0
608296.0
608306.0
608316.0
608326.0
608336.0
608346.0
608356.0
608366.0
608376.0
608386.0
608396.0
608406.0
608416.0
608426.0
608436.0
608446.0
608456.0
608466.0
608476.0
608486.0
608496.0
608506.0
608516.0
608526.0
608536.0
608546.0
608556.0
608566.0
608576.0
608586.0
608596.0
608606.0
608616.0
608626.0
608636.0
608646.0
608656.0
608666.0
608676.0
608686.0
608696.0
608706.0
608716.0
608726.0
608736.0
608746.0
608756.0
608766.0
608776.0
608786.0
608796.0
608806.0
608816.0
608826.0
608836.0
608846.0
608856.0
608866.0
608876.0
608886.0
608896.0
608906.0
608916.0
608926.0
608936.0
608946.0
608956.0
608966.0
608966.4877614063
608976.0
608986.0
608996.0
609006.0
609016.0
609026.0
609036.0
609046.0
609056.0
609066.0
609076.0
609086.0
27002.753325940288
27002.753334013687
27006.0
27016.0
27026.0
27036.0
27046.0
27056.0
27066.0
27076.0
27086.0
27096.0
27106.0
27116.0
27126.0
27136.0
27146.0
27156.0
27166.0
27176.0
27186.0
27196.0
27206.0
27216.0
27226.0
27236.0
27246.0
27256.0
27266.0
27276.0
27286.0
27296.0
27306.0
27316.0
27326.0
27336.0
27346.0
27356.0
27366.0
27376.0
27386.0
27396.0
27406.0
27416.0
27426.0
27436.0
27446.0
27456.0
27466.0
27476.0
27486.0
27496.0
27506.0
27516.0
27526.0
27536.0
27546.0
27556.0
27566.0
27576.0
27586.0
27596.0
27606.0
27616.0
27626.0
27636.0
27646.0
27656.0
27666.0
27676.0
27686.0
27696.0
27706.0
27716.0
27726.0
27736.0
27746.0
27756.0
27759.116910877772
27759.11691895117
27766.0
27776.0
27786.0
27796.0
27806.0
27816.0
27826.0
27836.0
27846.0
27856.0
27866.0
27876.0
27886.0
27896.0
27906.0
27916.0
27926.0
27936.0
27946.0
27956.0
27966.0
27976.0
127003.14908365674
127003.14909173014
127005.95590949172
127005.95591756512
127006.0
127016.0
127023.14908365674
127023.14909173014
127025.95590949172
127025.95591756512
127026.0
127036.0
127043.14908365674
127043.14909173014
127045.95590949172
127045.95591756512
127046.0
127056.0
127066.0
127073.14908365674
127073.14909173014
127075.95590949172
127075.95591756512
127076.0
127086.0
127093.14908365674
127093.14909173014
127095.99742841377
127095.99743648717
127096.0
127106.0
127113.14908365674
127113.14909173014
127115.99742841377
127115.99743648717
127116.0
127126.0
127133.14908365674
127133.14909173014
127136.0
127146.0
127156.0
127166.0
127176.0
127186.0
127196.0
127206.0
127216.0
127226.0
127236.0
127246.0
127256.0
127266.0
127276.0
127286.0
127296.0
127306.0
127316.0
127326.0
127336.0
127346.0
127356.0
127366.0
127376.0
127386.0
127396.0
127406.0
127416.0
127426.0
127436.0
127446.0
127456.0
127466.0
127476.0
127486.0
127496.0
127506.0
127516.0
127526.0
127536.0
127546.0
127556.0
127566.0
127576.0
127586.0
127596.0
127606.0
127616.0
127626.0
127636.0
127646.0
127656.0
127666.0
127676.0
127686.0
127696.0
127706.0
127716.0
127726.0
127736.0
127746.0
127756.0
127766.0
127776.0
127786.0
127796.0
127806.0
127816.0
127819.71820265349
127819.71821072689
127819.71821880029
127819.7182268737
127819.7182349471
127819.7182430205
127826.0
127836.0
127846.0
127856.0
127866.0
127876.0
127886.0
127896.0
127906.0
127916.0
127926.0
127936.0
127946.0
127956.0
127966.0
127976.0
127986.0
127996.0
128006.0
128016.0
128026.0
128036.0
128046.0
128056.0
128066.0
128076.0
128086.0
128096.0
128106.0
128116.0
128126.0
128136.0
128146.0
128156.0
128166.0
128176.0
238006.0
238006.41047320198
238006.41048127538
238016.0
238026.0
238026.3011958734
238026.30120394682
238035.603793276
238035.6038013494
238036.0
238046.0
238047.4960010682
238047.4960091416
238056.0
238056.30710078182
238056.30710885522
238066.0
238068.690806263
238068.6908143364
238076.0
238076.30710078182
238076.30710885522
238086.0
238086.3011958734
238086.30120394682
238095.95789300327
238095.95790107668
238096.0
238106.0
238106.8985984708
238106.89860654421
238116.0
238117.4960010682
238117.4960091416
238117.49601721502
238117.49602528842
238117.49603336182
238117.49604143522
238126.0
238128.690806263
238128.6908143364
238128.69082240982
238128.69083048322
238128.69083855662
238128.69084663002
238136.0
238146.0
238156.0
238166.0
238176.0
238186.0
238196.0
238206.0
238216.0
238226.0
238236.0
238246.0
238256.0
238266.0
238276.0
238286.0
238296.0
238306.0
238316.0
238326.0
238336.0
238346.0
238356.0
238366.0
238376.0
238386.0
238396.0
238406.0
238416.0
238426.0
238436.0
238446.0
238456.0
238466.0
238476.0
238486.0
238496.0
238506.0
238516.0
238526.0
238536.0
238546.0
238556.0
238566.0
238576.0
238586.0
238596.0
238606.0
238616.0
238626.0
238636.0
238646.0
238656.0
238666.0
238676.0
238686.0
238696.0
238706.0
238716.0
238726.0
238736.0
238746.0
238756.0
238766.0
238776.0
238786.0
238796.0
238806.0
238816.0
238826.0
238836.0
238846.0
238856.0
238866.0
238876.0
238886.0
238896.0
238906.0
238916.0
238926.0
238936.0
238946.0
238956.0
238966.0
238976.0
238986.0
238996.0
239006.0
239016.0
239026.0
239036.0
239046.0
239056.0
239066.0
239076.0
239086.0
239086.72370433496
239086.72371240836
239086.72373662857
239086.72374470197
239086.72376892218
239086.72377699558
239086.7238012158
239086.7238092892
239096.0
239106.0
239116.0
379003.77026179276
379003.77026986616
379006.0
379013.77026179276
379013.77026986616
379016.0
379024.82475116587
379024.8247592393
379026.0
379031.4197641245
379031.4197721979
379036.0
379036.2130032211
379036.2130112945
379036.2130193679
379036.2130274413
379036.2130355147
379036.2130435881
379036.2130516615
379036.2130597349
379045.134627231
379045.1346353044
379046.0
379052.5950129586
379052.59502103203
379056.0
379066.0
379073.64950233174
379073.64951040514
379076.0
379082.4742534976
379082.474261571
379086.0
379095.0519763583
379095.0519844317
379096.0
379102.4742534976
379102.474261571
379106.0
379106.718768788
379106.7187768614
379116.0
379126.0
379136.0
379146.0
379156.0
379166.0
379176.0
379186.0
379196.0
379206.0
379216.0
379226.0
379236.0
379246.0
379256.0
379266.0
379276.0
379286.0
379296.0
379306.0
379316.0
379326.0
379336.0
379346.0
379356.0
379366.0
379376.0
379386.0
379396.0
379406.0
379416.0
379426.0
379436.0
379446.0
379456.0
379466.0
379476.0
379486.0
379496.0
379506.0
379516.0
379526.0
379536.0
379546.0
379556.0
379566.0
379576.0
379586.0
379596.0
379606.0
379616.0
379626.0
379636.0
379646.0
379656.0
379666.0
379676.0
379686.0
379696.0
379706.0
379716.0
379726.0
379736.0
379746.0
379756.0
496006.0
496006.0194883029
496006.0194962128
496006.01950412267
496006.01951203257
496006.01951994246
496006.01952785236
496006.01953576226
496006.01954367216
496006.01955158205
496006.01955949195
496006.01956740185
496006.01957531174
496006.01958322164
496006.01959113154
496016.0
496026.0
496036.0
496046.0
496056.0
496066.0
496076.0
496086.0
496096.0
496106.0
496116.0
496126.0
496136.0
496136.0194883029
496136.0194962128
496136.01950412267
496136.01951203257
496136.01951994246
496136.01952785236
496136.01953576226
496136.01954367216
496136.01955158205
496136.01955949195
496136.01956740185
496136.01957531174
496136.01958322164
496146.0
496156.0
496166.0
496166.0194883029
496166.0194962128
496166.01950412267
496166.01951203257
496166.01951994246
496166.01952785236
496166.01953576226
496166.01954367216
496166.01955158205
496166.01955949195
496166.01956740185
496166.01957531174
496166.01958322164
496166.01959113154
496166.01959904144
496166.01960695133
496166.01961486123
496166.0196227711
496166.019630681
496166.0196385909
496176.0
496186.0
496195.54274852155
496195.54275643145
496195.54276434134
496195.54277225124
496195.54278016114
496195.54278807103
496195.54279598093
496195.5428038908
496195.5428118007
496195.5428197106
496196.0
496196.16013296094
496196.16014087084
496196.16014878073
496196.16015669063
496196.16016460053
496206.0
496216.0
496216.0194883029
496216.0194962128
496216.01950412267
496216.01951203257
496216.01951994246
496226.0
496226.16013296094
496226.16014087084
496226.16014878073
496226.16015669063
496226.16016460053
496227.0666478344
496227.0666557443
496227.0666636542
496227.06667156407
496227.06667947397
496227.06668738386
496227.06669529376
496227.06670320366
496227.06671111356
496227.06671902345
496227.06672693335
496227.06673484325
496227.06674275314
496227.06675066304
496227.06675857294
496227.06676648284
496227.06677439273
496227.06678230263
496227.0667902125
496227.0667981224
496236.0
496236.0194883029
496236.0194962128
496236.01950412267
496236.01951203257
496236.01951994246
496236.01952785236
496236.01953576226
496236.01954367216
496236.01955158205
496236.01955949195
496236.01956740185
496236.01957531174
496236.01958322164
496236.01959113154
496236.01959904144
496236.01960695133
496236.01961486123
496236.0196227711
496236.019630681
496236.0196385909
496236.0196465008
496236.0196544107
496236.0196623206
496236.0196702305
496236.0196781404
496236.0196860503
496246.0
496246.12304597587
496246.12305388576
496246.12306179566
496246.12306970556
496251.0022667551
496251.002274665
496251.0022825749
496251.0022904848
496251.0022983947
496251.0023063046
496251.0023142145
496251.0023221244
496256.0
496266.0
496276.0
496286.0
496296.0
496306.0
496316.0
496326.0
496336.0
496346.0
496356.0
496366.0
496376.0
496386.0
496396.0
496406.0
496416.0
496426.0
496436.0
496446.0
496456.0
496466.0
496476.0
496486.0
496496.0
496506.0
496516.0
496526.0
496536.0
496546.0
496556.0
496566.0
496576.0
496586.0
496596.0
496606.0
496616.0
496626.0
496636.0
496646.0
496656.0
496666.0
496676.0
496686.0
496696.0
496706.0
496716.0
496726.0
496736.0
496746.0
496756.0
496766.0
496772.1364659351
496776.0
496786.0
496796.0
496806.0
496816.0
496826.0
496836.0
496846.0
496856.0
496866.0
496876.0
496886.0
496896.0
496906.0
496916.0
496926.0
496936.0
496946.0
496956.0
496966.0
496976.0
496986.0
496996.0
497006.0
497016.0
497026.0
497036.0
497046.0
497056.0
497066.0
608006.0
608007.900042166
608008.5974447634
608016.0
608026.0
608027.2987223817
608030.024272105
608036.0
608046.0
608047.2987223817
608056.0
608057.2987223817
608066.0
608066.6893702699
608076.0
608085.5439436343
608086.0
608087.2906900542
608096.0
608098.900063249
608099.5974658465
608106.0
608116.0
608122.679165551
608123.3765681484
608126.0
608128.5974447634
608136.0
608146.0
608149.1948473608
608149.1948552708
608156.0
608160.4974869294
608166.0
608176.0
608186.0
608195.9821873733
608196.0
608197.2987223817
608198.5974447634
608206.0
608216.0
608217.2987223817
608226.0
608229.1987645477
608229.8961671451
608236.0
608246.0
608247.2987223817
608256.0
608266.0
608276.0
608286.0
608296.0
608306.0
608316.0
608326.0
608336.0
608346.0
608356.0
608366.0
608376.0
608386.0
608396.0
608406.0
608416.0
608426.0
608436.0
608446.0
608456.0
608466.0
608476.0
608486.0
608496.0
608506.0
608516.0
608526.0
608536.0
608546.0
608556.0
608566.0
608576.0
608586.0
608596.0
608606.0
608616.0
608626.0
608636.0
608646.0
608656.0
608666.0
608676.0
608686.0
608696.0
608706.0
608716.0
608726.0
608736.0
608746.0
608756.0
608766.0
608776.0
608786.0
608796.0
608806.0
608816.0
608826.0
608836.0
608846.0
608856.0
608866.0
608876.0
608886.0
608896.0
608906.0
608916.0
608926.0
608936.0
608946.0
608956.0
608966.0
608966.4877614063
608976.0
608986.0
608996.0
609006.0
609016.0
609026.0
609036.0
609046.0
609056.0
609066.0
609076.0
609086.0
