27001.130809039987
27001.130817113386
27006.0
27016.0
27026.0
27036.0
27046.0
27056.0
27066.0
27076.0
27086.0
27096.0
27106.0
27116.0
27126.0
27136.0
27146.0
27156.0
27166.0
27176.0
27186.0
27196.0
27206.0
27216.0
27226.0
27236.0
27246.0
27256.0
27266.0
27276.0
27286.0
27296.0
27306.0
27316.0
27326.0
27336.0
27346.0
27356.0
27366.0
27376.0
27386.0
27396.0
27406.0
27416.0
27426.0
27436.0
27446.0
27456.0
27466.0
27476.0
27486.0
27496.0
27506.0
27516.0
27526.0
27536.0
27546.0
27556.0
27566.0
27576.0
27586.0
27596.0
27606.0
27616.0
27626.0
27636.0
27646.0
27656.0
27666.0
27676.0
27686.0
27696.0
27706.0
27716.0
27726.0
27736.0
27746.0
27756.0
27758.30565242762
27758.30566050102
27766.0
27776.0
27786.0
27796.0
27806.0
27816.0
27826.0
27836.0
27846.0
27856.0
27866.0
27876.0
27886.0
27896.0
27906.0
27916.0
27926.0
27936.0
27946.0
27956.0
27966.0
27976.0
27986.0
27996.0
127005.0015485298
127005.00155660321
127006.0
127015.0015485298
127015.00155660321
127016.0
127025.0015485298
127025.00155660321
127026.0
127035.0015485298
127035.00155660321
127036.0
127046.0
127056.0
127066.0
127074.6028472311
127074.6028553045
127076.0
127083.1357590682
127083.1357671416
127086.0
127095.0015485298
127095.00155660321
127096.0
127105.0015485298
127105.00155660321
127106.0
127115.0015485298
127115.00155660321
127116.0
127125.0015485298
127125.00155660321
127126.0
127136.0
127146.0
127156.0
127166.0
127176.0
127186.0
127196.0
127206.0
127216.0
127226.0
127236.0
127246.0
127256.0
127266.0
127276.0
127286.0
127296.0
127306.0
127316.0
127326.0
127336.0
127346.0
127356.0
127366.0
127376.0
127386.0
127396.0
127406.0
127416.0
127426.0
127436.0
127446.0
127456.0
127466.0
127476.0
127486.0
127496.0
127506.0
127516.0
127526.0
127536.0
127546.0
127556.0
127566.0
127576.0
127586.0
127596.0
127606.0
127616.0
127626.0
127636.0
127646.0
127656.0
127666.0
127676.0
127686.0
127696.0
127706.0
127716.0
127726.0
127736.0
127746.0
238005.38758826366
238005.38759633707
238006.0
238015.38758826366
238015.38759633707
238016.0
238025.38758826366
238025.38759633707
238026.0
238035.38758826366
238035.38759633707
238036.0
238045.38758826366
238045.38759633707
238046.0
238055.38758826366
238055.38759633707
238056.0
238066.0
238066.88109475718
238066.88110283058
238076.0
238084.7083159811
238084.7083240545
238086.0
238086.88109475718
238086.88110283058
238086.88111090398
238086.88111897738
238086.8811270508
238086.8811351242
238096.0
238096.88109475718
238096.88110283058
238096.88111090398
238096.88111897738
238096.8811270508
238096.8811351242
238106.0
238115.68628956238
238115.68629763578
238116.0
238126.0
238126.88109475718
238126.88110283058
238126.88111090398
238126.88111897738
238126.8811270508
238126.8811351242
238136.0
238146.0
238156.0
238166.0
238176.0
238186.0
238196.0
238206.0
238216.0
238226.0
238236.0
238246.0
238256.0
238266.0
238276.0
238286.0
238296.0
238306.0
238316.0
238326.0
238336.0
238346.0
238356.0
238366.0
238376.0
238386.0
238396.0
238406.0
238416.0
238426.0
238436.0
238446.0
238456.0
238466.0
238476.0
238486.0
238496.0
238506.0
238516.0
238526.0
238536.0
238546.0
238556.0
238566.0
238576.0
238586.0
238596.0
238606.0
238616.0
238626.0
238636.0
238646.0
238656.0
238666.0
238676.0
238686.0
238696.0
238706.0
238716.0
238726.0
238736.0
238746.0
238756.0
238766.0
238776.0
238786.0
238796.0
238806.0
238816.0
238826.0
238836.0
238846.0
238856.0
238866.0
238876.0
238886.0
238896.0
238906.0
238916.0
238926.0
238936.0
238946.0
238956.0
238966.0
238976.0
379006.0
379008.07908903883
379008.07909711223
379008.07910518564
379008.07911325904
379008.07912133244
379008.07912940584
379008.07913747925
379008.07914555265
379008.07915362605
379008.07916169945
379016.0
379024.7099105245
379024.7099185979
379026.0
379028.07908903883
379028.07909711223
379028.07910518564
379028.07911325904
379028.07912133244
379028.07912940584
379028.07913747925
379028.07914555265
379028.07915362605
379028.07916169945
379036.0
379036.4356365829
379036.4356446563
379038.07908903883
379038.07909711223
379038.07910518564
379038.07911325904
379038.07912133244
379038.07912940584
379038.07913747925
379038.07914555265
379038.07915362605
379038.07916169945
379046.0
379054.7099105245
379054.7099185979
379056.0
379064.5356365829
379064.5356446563
379066.0
379074.7099105245
379074.7099185979
379074.7099266713
379074.7099347447
379074.7099428181
379074.7099508915
379076.0
379084.7099105245
379084.7099185979
379086.0
379096.0
379104.7099105245
379104.7099185979
379106.0
379114.7099105245
379114.7099185979
379116.0
379126.0
379134.7099105245
379134.7099185979
379136.0
379146.0
379156.0
379166.0
379176.0
379186.0
379196.0
379206.0
379216.0
379226.0
379236.0
379246.0
379256.0
379266.0
379276.0
379286.0
379296.0
379306.0
379316.0
379326.0
379336.0
379346.0
379356.0
379366.0
379376.0
379386.0
379396.0
379406.0
379416.0
379426.0
379436.0
379446.0
379456.0
379466.0
379476.0
379486.0
379496.0
379506.0
379516.0
379526.0
379536.0
379546.0
379556.0
379566.0
379576.0
379586.0
379596.0
379606.0
379616.0
379626.0
379636.0
379646.0
379656.0
379666.0
379676.0
379686.0
379696.0
379706.0
379716.0
379726.0
379736.0
379746.0
379756.0
379766.0
379776.0
379786.0
379796.0
379806.0
379816.0
379826.0
379836.0
379846.0
379856.0
379866.0
379876.0
379886.0
379896.0
379906.0
379916.0
379926.0
379936.0
379946.0
379956.0
379966.0
379976.0
379986.0
379996.0
380006.0
380016.0
380026.0
380036.0
380046.0
380056.0
380066.0
496006.0
496007.70801028505
496016.0
496017.70801028505
496026.0
496027.70801028505
496036.0
496037.70801028505
496046.0
496047.70801028505
496056.0
496057.70801028505
496066.0
496067.70801028505
496076.0
496086.0
496087.70801028505
496096.0
496097.70801028505
496106.0
496107.70801028505
496116.0
496117.70801028505
496126.0
496127.70801028505
496136.0
496137.70801028505
496146.0
496147.70801028505
496156.0
496157.70801028505
496166.0
496167.70801028505
496176.0
496177.70801028505
496186.0
496187.70801028505
496196.0
496197.70801028505
496206.0
496207.70801028505
496216.0
496217.70801028505
496226.0
496227.70801028505
496236.0
496237.70801028505
496246.0
496247.70801028505
496256.0
496266.0
496276.0
496286.0
496296.0
496306.0
496316.0
496326.0
496336.0
496346.0
496356.0
496366.0
496376.0
496386.0
496396.0
496406.0
496416.0
496426.0
496436.0
496446.0
496456.0
496466.0
496476.0
496486.0
496496.0
496506.0
496516.0
496526.0
496536.0
496546.0
496556.0
496566.0
496576.0
496586.0
496596.0
496606.0
496616.0
496626.0
496636.0
496646.0
496656.0
496666.0
496676.0
496686.0
496696.0
496706.0
496716.0
496726.0
496736.0
496746.0
496756.0
496766.0
496771.8207671773
496776.0
496786.0
496796.0
496806.0
496816.0
496826.0
496836.0
496846.0
496856.0
496866.0
496876.0
496886.0
496896.0
496906.0
496916.0
496926.0
496936.0
496946.0
496956.0
496966.0
496976.0
496986.0
496996.0
497006.0
497016.0
497026.0
497036.0
497046.0
497056.0
497066.0
497076.0
497086.0
608006.0
608016.0
608026.0
608036.0
608046.0
608056.0
608066.0
608076.0
608086.0
608096.0
608106.0
608116.0
608126.0
608136.0
608146.0
608156.0
608166.0
608176.0
608186.0
608196.0
608206.0
608216.0
608226.0
608236.0
608246.0
608256.0
608266.0
608276.0
608286.0
608296.0
608306.0
608316.0
608326.0
608336.0
608346.0
608356.0
608366.0
608376.0
608386.0
608396.0
608406.0
608416.0
608426.0
608436.0
608446.0
608456.0
608466.0
608476.0
608486.0
608496.0
608506.0
608516.0
608526.0
608536.0
608546.0
608556.0
608566.0
608576.0
608586.0
608596.0
608606.0
608616.0
608626.0
608636.0
608646.0
608656.0
608666.0
608676.0
608686.0
608696.0
608706.0
608716.0
608726.0
608736.0
608746.0
608756.0
608766.0
608776.0
608786.0
608796.0
608806.0
608816.0
608826.0
608836.0
608846.0
608856.0
608866.0
608876.0
608886.0
608896.0
608906.0
608916.0
608926.0
608936.0
608946.0
608956.0
608965.8124816549
608966.0
608976.0
608986.0
608986.0461612509
608996.0
609006.0
609016.0
609026.0
609036.0
609046.0
609056.0
609066.0
609076.0
217006.0
217016.0
217026.0
217036.0
217046.0
217056.0
217066.0
217074.50758058252
217074.50758841875
217074.507596255
217074.50760409122
217076.0
217086.0
217096.0
217106.0
217116.0
217126.0
217136.0
217146.0
217156.0
217166.0
217176.0
217186.0
217196.0
217206.0
217216.0
217226.0
217236.0
217246.0
217256.0
217266.0
217276.0
217286.0
217296.0
217306.0
217316.0
217326.0
217336.0
217346.0
217356.0
217366.0
217376.0
217386.0
217396.0
217406.0
217416.0
217426.0
217436.0
217446.0
217456.0
217466.0
217476.0
217486.0
217496.0
217506.0
217516.0
217526.0
217536.0
217546.0
217556.0
217566.0
217576.0
217586.0
217596.0
217606.0
217616.0
217626.0
217635.50758058252
217635.50758841875
217635.507596255
217635.50760409122
217635.50761192746
217635.5076197637
217635.50762759993
217635.50763543617
217636.0
217646.0
217656.0
217666.0
217676.0
217686.0
217696.0
217706.0
217716.0
217726.0
217736.0
217746.0
288006.0
288006.34490156407
288006.34490940033
288016.0
288016.34490156407
288016.34490940033
288026.0
288026.34490156407
288026.34490940033
288036.0
288036.34490156407
288036.34490940033
288046.0
288046.34490156407
288046.34490940033
288056.0
288056.34490156407
288056.34490940033
288066.0
288066.34490156407
288066.34490940033
288076.0
288076.34490156407
288076.34490940033
288086.0
288086.34490156407
288086.34490940033
288096.0
288096.34490156407
288096.34490940033
288106.0
288116.0
288116.34490156407
288116.34490940033
288126.0
288126.34490156407
288126.34490940033
288136.0
288146.0
288156.0
288166.0
288176.0
288186.0
288196.0
288206.0
288216.0
288226.0
288236.0
288246.0
288256.0
288266.0
288276.0
288286.0
288296.0
288306.0
288316.0
288326.0
288336.0
288346.0
288356.0
288366.0
288376.0
288386.0
288396.0
288406.0
288416.0
288426.0
288427.9126985711
288427.91270640737
288427.91271424363
288427.9127220799
288427.91272991616
288427.9127377524
288427.9127455887
288427.91275342496
288436.0
288446.0
288456.0
288466.0
288476.0
288486.0
288496.0
288506.0
288516.0
288526.0
288536.0
288546.0
288556.0
288566.0
288576.0
288586.0
288596.0
288606.0
288616.0
288626.0
288636.0
288646.0
288656.0
288666.0
288676.0
288686.0
288696.0
288706.0
288716.0
288726.0
288736.0
288746.0
288756.0
288766.0
288776.0
288786.0
288796.0
288806.0
288816.0
288826.0
288836.0
288846.0
288856.0
288866.0
288876.0
288886.0
288896.0
288906.0
288916.0
288926.0
288936.0
288946.0
362004.77600050205
362004.7760083383
362006.0
362014.77600050205
362014.7760083383
362016.0
362024.77600050205
362024.7760083383
362026.0
362034.77600050205
362034.7760083383
362036.0
362044.77600050205
362044.7760083383
362046.0
362054.77600050205
362054.7760083383
362056.0
362066.0
362074.37729920336
362074.3773070396
362076.0
362084.37729920336
362084.3773070396
362086.0
362094.37729920336
362094.3773070396
362096.0
362104.37729920336
362104.3773070396
362106.0
362114.37729920336
362114.3773070396
362116.0
362126.0
362136.0
362146.0
362156.0
362166.0
362176.0
362186.0
362196.0
362206.0
362216.0
362226.0
362236.0
362246.0
362256.0
362266.0
362276.0
362286.0
362296.0
362306.0
362316.0
362326.0
362336.0
362346.0
362356.0
362366.0
362376.0
362386.0
362396.0
362406.0
362416.0
362426.0
362436.0
362446.0
362456.0
362466.0
362476.0
362486.0
362496.0
362506.0
362516.0
362526.0
362536.0
362546.0
362556.0
362566.0
362576.0
362586.0
362596.0
362606.0
362616.0
362626.0
362636.0
362646.0
362656.0
362666.0
362676.0
362686.0
362696.0
362706.0
362716.0
362726.0
362736.0
362746.0
362756.0
362766.0
362776.0
362786.0
362796.0
362806.0
362816.0
362826.0
362836.0
362846.0
362856.0
362866.0
362876.0
362886.0
362896.0
362906.0
362916.0
362926.0
362936.0
362946.0
362956.0
362966.0
362976.0
362986.0
362996.0
363006.0
363016.0
363026.0
363036.0
363046.0
363056.0
363064.2282480401
363064.22825587634
363066.0
363076.0
363086.0
363096.0
363106.0
363116.0
363126.0
363136.0
363146.0
363156.0
549006.0
549007.0637583757
549007.063766212
549016.0
549017.0637583757
549017.063766212
549026.0
549036.0
549037.0637583757
549037.063766212
549046.0
549047.0637583757
549047.063766212
549056.0
549057.0637583757
549057.063766212
549066.0
549067.0637583757
549067.063766212
549076.0
549077.0637583757
549077.063766212
549086.0
549087.0637583757
549087.063766212
549096.0
549097.0637583757
549097.063766212
549106.0
549107.0637583757
549107.063766212
549116.0
549117.0637583757
549117.063766212
549126.0
549127.0637583757
549127.063766212
549136.0
549137.0637583757
549137.063766212
549146.0
549147.0637583757
549147.063766212
549156.0
549157.0637583757
549157.063766212
549166.0
549167.0637583757
549167.063766212
549176.0
549177.0637583757
549177.063766212
549186.0
549187.0637583757
549187.063766212
549196.0
549197.0637583757
549197.063766212
549206.0
549207.0637583757
549207.063766212
549216.0
549217.0637583757
549217.063766212
549226.0
549227.0637583757
549227.063766212
549236.0
549246.0
549247.0637583757
549247.063766212
549256.0
549266.0
549276.0
549286.0
549296.0
549306.0
549316.0
549326.0
549336.0
549346.0
549356.0
549366.0
549376.0
549386.0
549396.0
549406.0
549416.0
549426.0
549436.0
549446.0
549456.0
549461.2721269769
549461.2721348131
549461.2721426494
549461.2721504857
549461.2721583219
549461.2721661582
549461.2721739945
549461.2721818307
549466.0
549476.0
549486.0
549496.0
549506.0
549516.0
549526.0
549536.0
549546.0
549556.0
549566.0
549576.0
549586.0
549596.0
549606.0
549616.0
549626.0
549636.0
549646.0
549656.0
549666.0
549676.0
549686.0
549696.0
549706.0
549716.0
549726.0
549736.0
549746.0
549756.0
549766.0
549776.0
549786.0
549796.0
549806.0
549816.0
549826.0
549836.0
549846.0
549856.0
549866.0
549876.0
549886.0
549896.0
549906.0
549916.0
549926.0
549936.0
549946.0
549956.0
549966.0
549976.0
549986.0
549996.0
550006.0
550016.0
550026.0
550036.0
550046.0
550056.0
550066.0
27006.0
27016.0
27026.0
27036.0
27046.0
27056.0
27066.0
27076.0
27086.0
27096.0
27106.0
27116.0
27126.0
27136.0
27146.0
27156.0
27166.0
27176.0
27186.0
27196.0
27206.0
27216.0
27226.0
27236.0
27246.0
27256.0
27266.0
27276.0
27286.0
27296.0
27306.0
27316.0
27326.0
27336.0
27346.0
27356.0
27366.0
27376.0
27386.0
27396.0
27406.0
27416.0
27426.0
27436.0
27446.0
27456.0
27466.0
27476.0
27486.0
27496.0
27506.0
27516.0
27526.0
27536.0
27546.0
27556.0
27566.0
27576.0
27586.0
27596.0
27606.0
27616.0
27626.0
27636.0
27646.0
27656.0
27666.0
27676.0
27686.0
27696.0
27706.0
27716.0
27726.0
27736.0
27746.0
27756.0
27758.30565242762
27758.30566050102
27766.0
27776.0
27786.0
27796.0
27806.0
27816.0
27826.0
27836.0
27846.0
27856.0
27866.0
27876.0
27886.0
27896.0
27906.0
27916.0
27926.0
27936.0
27946.0
27956.0
27966.0
27976.0
27986.0
27996.0
127005.0015485298
127005.00155660321
127006.0
127015.0015485298
127015.00155660321
127016.0
127025.0015485298
127025.00155660321
127026.0
127035.0015485298
127035.00155660321
127036.0
127045.0015485298
127045.00155660321
127046.0
127055.0015485298
127055.00155660321
127056.0
127066.0
127073.1357590682
127073.1357671416
127076.0
127083.1357590682
127083.1357671416
127086.0
127093.1357590682
127093.1357671416
127096.0
127103.1357590682
127103.1357671416
127106.0
127113.1357590682
127113.1357671416
127116.0
127123.1357590682
127123.1357671416
127126.0
127133.1357590682
127133.1357671416
127136.0
127146.0
127156.0
127166.0
127176.0
127186.0
127196.0
127206.0
127216.0
127226.0
127236.0
127246.0
127256.0
127266.0
127276.0
127286.0
127296.0
127306.0
127316.0
127326.0
127336.0
127346.0
127356.0
127366.0
127376.0
127386.0
127396.0
127406.0
127416.0
127426.0
127436.0
127446.0
127456.0
127466.0
127476.0
127486.0
127496.0
127506.0
127516.0
127526.0
127536.0
127546.0
127556.0
127566.0
127576.0
127586.0
127596.0
127606.0
127616.0
127626.0
127636.0
127646.0
127656.0
127666.0
127676.0
127686.0
127696.0
127706.0
127716.0
127726.0
127736.0
127746.0
238005.38758826366
238005.38759633707
238006.0
238015.38758826366
238015.38759633707
238016.0
238025.38758826366
238025.38759633707
238026.0
238035.38758826366
238035.38759633707
238036.0
238045.38758826366
238045.38759633707
238046.0
238056.0
238066.0
238075.68628956238
238075.68629763578
238076.0
238085.68628956238
238085.68629763578
238086.0
238096.0
238096.88109475718
238096.88110283058
238096.88111090398
238096.88111897738
238096.8811270508
238096.8811351242
238106.0
238114.7083159811
238114.7083240545
238116.0
238125.68628956238
238125.68629763578
238126.0
238136.0
238146.0
238156.0
238166.0
238176.0
238186.0
238196.0
238206.0
238216.0
238226.0
238236.0
238246.0
238256.0
238266.0
238276.0
238286.0
238296.0
238306.0
238316.0
238326.0
238336.0
238346.0
238356.0
238366.0
238376.0
238386.0
238396.0
238406.0
238416.0
238426.0
238436.0
238446.0
238456.0
238466.0
238476.0
238486.0
238496.0
238506.0
238516.0
238526.0
238536.0
238546.0
238556.0
238566.0
238576.0
238586.0
238596.0
238606.0
238616.0
238626.0
238636.0
238646.0
238656.0
238666.0
238676.0
238686.0
238696.0
238706.0
238716.0
238726.0
238736.0
238746.0
238756.0
238766.0
238776.0
238786.0
238796.0
238806.0
238816.0
238826.0
238836.0
238846.0
238856.0
238866.0
238876.0
238886.0
238896.0
238906.0
238916.0
238926.0
238936.0
238946.0
238956.0
238966.0
238976.0
379005.68947864923
379005.68948672264
379006.0
379016.0
379016.88428384403
379016.88429191743
379016.88429999084
379016.88430806424
379016.88431613764
379016.88432421105
379026.0
379028.07908903883
379028.07909711223
379028.07910518564
379028.07911325904
379028.07912133244
379028.07912940584
379028.07913747925
379028.07914555265
379028.07915362605
379028.07916169945
379036.0
379036.4356365829
379036.4356446563
379036.5855825453
379036.5855906187
379036.5855986921
379036.5856067655
379036.5856148389
379036.58562291233
379036.58563098573
379036.58563905914
379036.58564713254
379036.58565520594
379046.0
379054.9920760518
379054.99208412523
379056.0
379056.88428384403
379056.88429191743
379056.88429999084
379056.88430806424
379056.88431613764
379056.88432421105
379066.0
379074.7099105245
379074.7099185979
379076.0
379086.0
379094.9920760518
379094.99208412523
379096.0
379106.0
379114.7099105245
379114.7099185979
379115.68947864923
379115.68948672264
379116.0
379126.0
379134.7099105245
379134.7099185979
379136.0
379146.0
379156.0
379166.0
379176.0
379186.0
379196.0
379206.0
379216.0
379226.0
379236.0
379246.0
379256.0
379266.0
379276.0
379286.0
379296.0
379306.0
379316.0
379326.0
379336.0
379346.0
379356.0
379366.0
379376.0
379386.0
379396.0
379406.0
379416.0
379426.0
379436.0
379446.0
379456.0
379466.0
379476.0
379486.0
379496.0
379506.0
379516.0
379526.0
379536.0
379546.0
379556.0
379566.0
379576.0
379586.0
379596.0
379606.0
379616.0
379626.0
379636.0
379646.0
379656.0
379666.0
379676.0
379686.0
379696.0
379706.0
379716.0
379726.0
379736.0
379746.0
379756.0
379766.0
379776.0
379786.0
379796.0
379806.0
379816.0
379826.0
379836.0
379846.0
379856.0
379866.0
379876.0
379886.0
379896.0
379906.0
379916.0
379926.0
379936.0
379946.0
379956.0
379966.0
379976.0
379986.0
379996.0
380006.0
380016.0
380026.0
380036.0
380046.0
380056.0
380066.0
496006.0
496007.70801028505
496016.0
496017.70801028505
496026.0
496027.70801028505
496036.0
496037.70801028505
496046.0
496047.70801028505
496056.0
496057.70801028505
496066.0
496067.70801028505
496076.0
496077.70801028505
496086.0
496087.70801028505
496096.0
496097.70801028505
496106.0
496107.70801028505
496116.0
496117.70801028505
496126.0
496127.70801028505
496136.0
496137.70801028505
496146.0
496147.70801028505
496156.0
496157.70801028505
496166.0
496167.70801028505
496176.0
496177.70801028505
496186.0
496196.0
496206.0
496207.70801028505
496216.0
496217.70801028505
496226.0
496227.70801028505
496236.0
496237.70801028505
496246.0
496247.70801028505
496256.0
496266.0
496276.0
496286.0
496296.0
496306.0
496316.0
496326.0
496336.0
496346.0
496356.0
496366.0
496376.0
496386.0
496396.0
496406.0
496416.0
496426.0
496436.0
496446.0
496456.0
496466.0
496476.0
496486.0
496496.0
496506.0
496516.0
496526.0
496536.0
496546.0
496556.0
496566.0
496576.0
496586.0
496596.0
496606.0
496616.0
496626.0
496636.0
496646.0
496656.0
496666.0
496676.0
496686.0
496696.0
496706.0
496716.0
496726.0
496736.0
496746.0
496756.0
496766.0
496771.8207671773
496776.0
496786.0
496796.0
496806.0
496816.0
496826.0
496836.0
496846.0
496856.0
496866.0
496876.0
496886.0
496896.0
496906.0
496916.0
496926.0
496936.0
496946.0
496956.0
496966.0
496976.0
496986.0
496996.0
497006.0
497016.0
497026.0
497036.0
497046.0
497056.0
497066.0
497076.0
497086.0
608006.0
608016.0
608026.0
608036.0
608046.0
608056.0
608066.0
608076.0
608086.0
608096.0
608096.9940366428
608096.9940445528
608096.9940524627
608106.0
608116.0
608126.0
608136.0
608146.0
608156.0
608166.0
608176.0
608186.0
608196.0
608206.0
608216.0
608226.0
608236.0
608246.0
608256.0
608266.0
608276.0
608286.0
608296.0
608306.0
608316.0
608326.0
608336.0
608346.0
608356.0
608366.0
608376.0
608386.0
608396.0
608406.0
608416.0
608426.0
608436.0
608446.0
608456.0
608466.0
608476.0
608486.0
608496.0
608506.0
608516.0
608526.0
608536.0
608546.0
608556.0
608566.0
608576.0
608586.0
608596.0
608598.9032774859
608598.9032853958
608598.9032933058
608598.9033012157
608598.9033091257
608606.0
608616.0
608626.0
608636.0
608646.0
608648.9032774859
608648.9032853958
608648.9032933058
608648.9033012157
608648.9033091257
608656.0
608666.0
608676.0
608686.0
608696.0
608698.9032774859
608698.9032853958
608698.9032933058
608698.9033012157
608698.9033091257
608706.0
608716.0
608726.0
608728.9032774859
608728.9032853958
608728.9032933058
608728.9033012157
608728.9033091257
608736.0
608746.0
608756.0
608766.0
608768.9032774859
608768.9032853958
608768.9032933058
608776.0
608786.0
608796.0
608806.0
608816.0
608826.0
608836.0
608838.9032774859
608838.9032853958
608838.9032933058
608838.9033012157
608838.9033091257
608846.0
608856.0
608866.0
608868.9032774859
608868.9032853958
608868.9032933058
608876.0
608886.0
608896.0
608906.0
608916.0
608926.0
608936.0
608946.0
608956.0
608965.8124816549
608966.0
608976.0
608986.0
608996.0
609006.0
609016.0
609026.0
609036.0
609046.0
609056.0
609066.0
609066.0461612509
609066.0461691609
609066.0461770708
609066.0461849808
609066.0461928907
609066.0462008007
609066.0462087106
609066.0462166206
609076.0
57001.89779192068
57001.897799994076
57006.0
57016.0
57026.0
57026.30565242762
57026.30566050101
57036.0
57046.0
57056.0
57066.0
57076.0
57086.0
57096.0
57106.0
57116.0
57126.0
57136.0
57146.0
57156.0
57166.0
57176.0
57186.0
57196.0
57206.0
57216.0
57226.0
57236.0
57246.0
57256.0
57266.0
57276.0
57286.0
57296.0
57306.0
57316.0
57326.0
57336.0
57346.0
57356.0
57366.0
57376.0
57386.0
57396.0
57406.0
57416.0
57426.0
57436.0
57446.0
57456.0
57466.0
57476.0
57486.0
57496.0
57506.0
57516.0
57526.0
57536.0
57546.0
57556.0
57566.0
57576.0
57586.0
57596.0
57606.0
57616.0
57626.0
57636.0
57646.0
57656.0
57666.0
57676.0
57686.0
57696.0
57706.0
57716.0
57726.0
57736.0
57746.0
57756.0
57766.0
57776.0
57786.0
57796.0
57806.0
57816.0
57826.0
57836.0
57846.0
57856.0
57866.0
57876.0
57886.0
57896.0
57906.0
57916.0
57926.0
57936.0
57946.0
57956.0
57966.0
57976.0
57986.0
57996.0
133006.0
133006.1963537246
133006.196361798
133006.1963698714
133006.1963779448
133006.19638601821
133006.19639409162
133006.19640216502
133006.19641023842
133006.19641831183
133006.19642638523
133016.0
133016.1963537246
133016.196361798
133016.1963698714
133016.1963779448
133016.19638601821
133016.19639409162
133016.19640216502
133016.19641023842
133016.19641831183
133016.19642638523
133025.59895112718
133025.59895920058
133025.59896727398
133025.59897534738
133025.5989834208
133025.5989914942
133026.0
133036.0
133036.1963537246
133036.196361798
133036.1963698714
133036.1963779448
133036.19638601821
133036.19639409162
133036.19640216502
133036.19641023842
133036.19641831183
133036.19642638523
133046.0
133053.1357590682
133053.1357671416
133053.135775215
133053.1357832884
133053.1357913618
133053.1357994352
133056.0
133056.1963537246
133056.196361798
133056.1963698714
133056.1963779448
133056.19638601821
133056.19639409162
133056.19640216502
133056.19641023842
133056.19641831183
133056.19642638523
133066.0
133074.6028472311
133074.6028553045
133074.6028633779
133074.6028714513
133074.6028795247
133074.6028875981
133076.0
133077.6898602181
133077.6898682915
133077.6898763649
133077.6898844383
133077.6898925117
133077.6899005851
133077.6899086585
133077.6899167319
133077.6899248053
133077.6899328787
133086.0
133086.1963537246
133086.196361798
133086.1963698714
133086.1963779448
133086.19638601821
133086.19639409162
133086.19640216502
133086.19641023842
133086.19641831183
133086.19642638523
133096.0
133105.3002498285
133105.3002579019
133105.3002659753
133105.3002740487
133106.0
133115.59895112718
133115.59895920058
133115.59896727398
133115.59897534738
133115.5989834208
133115.5989914942
133116.0
133126.0
133126.1963537246
133126.196361798
133126.1963698714
133126.1963779448
133126.19638601821
133126.19639409162
133126.19640216502
133126.19641023842
133126.19641831183
133126.19642638523
133136.0
133146.0
133156.0
133166.0
133176.0
133186.0
133196.0
133206.0
133216.0
133226.0
133236.0
133246.0
133256.0
133266.0
133276.0
133286.0
133296.0
133306.0
133316.0
133326.0
133336.0
133346.0
133356.0
133366.0
133376.0
133386.0
133396.0
133406.0
133416.0
133426.0
133436.0
133446.0
133456.0
133466.0
133476.0
133486.0
133496.0
133506.0
133516.0
133526.0
133536.0
133546.0
133556.0
133566.0
133576.0
133586.0
133596.0
133606.0
133616.0
133626.0
133636.0
133646.0
133656.0
133666.0
133676.0
133686.0
133696.0
133706.0
133716.0
133726.0
133736.0
133746.0
243005.38758826366
243005.38759633707
243006.0
243015.38758826366
243015.38759633707
243016.0
243025.38758826366
243025.38759633707
243026.0
243035.38758826366
243035.38759633707
243036.0
243045.38758826366
243045.38759633707
243046.0
243055.38758826366
243055.38759633707
243056.0
243066.0
243074.98888696497
243074.98889503838
243076.0
243076.88109475718
243076.88110283058
243076.88111090398
243076.88111897738
243076.8811270508
243076.8811351242
243086.0
243093.32877893513
243093.32878700853
243093.32879508194
243093.32880315534
243093.32881122874
243093.32881930214
243093.32882737555
243093.32883544895
243093.32884352235
243093.32885159575
243096.0
243096.5823934585
243096.5824015319
243096.5824096053
243096.5824176787
243096.5824257521
243096.5824338255
243096.5824418989
243096.5824499723
243096.5824580457
243096.5824661191
243106.0
243113.32877893513
243113.32878700853
243113.32879508194
243113.32880315534
243113.32881122874
243113.32881930214
243113.32882737555
243113.32883544895
243113.32884352235
243113.32885159575
243116.0
243116.5823934585
243116.5824015319
243116.5824096053
243116.5824176787
243116.5824257521
243116.5824338255
243116.5824418989
243116.5824499723
243116.5824580457
243116.5824661191
243126.0
243133.32877893513
243133.32878700853
243133.32879508194
243133.32880315534
243133.32881122874
243133.32881930214
243133.32882737555
243133.32883544895
243133.32884352235
243133.32885159575
243136.0
243146.0
243156.0
243166.0
243176.0
243186.0
243196.0
243206.0
243216.0
243226.0
243236.0
243246.0
243256.0
243266.0
243276.0
243286.0
243296.0
243306.0
243316.0
243326.0
243336.0
243346.0
243356.0
243366.0
243376.0
243386.0
243396.0
243406.0
243416.0
243426.0
243436.0
243446.0
243456.0
243466.0
243476.0
243486.0
243496.0
243506.0
243516.0
243526.0
243536.0
243546.0
243556.0
243566.0
243576.0
243586.0
243596.0
243606.0
243616.0
243626.0
243636.0
243646.0
243656.0
243666.0
243676.0
243686.0
243696.0
243706.0
243716.0
243726.0
243736.0
243746.0
243756.0
243766.0
243776.0
243786.0
243796.0
243806.0
243816.0
243826.0
243836.0
243846.0
243856.0
243866.0
243876.0
243886.0
243896.0
243906.0
243916.0
243926.0
243936.0
243946.0
384003.63569617376
384003.63570424716
384006.0
384016.0
384023.63569617376
384023.63570424716
384026.0
384033.63569617376
384033.63570424716
384036.0
384043.63569617376
384043.63570424716
384046.0
384053.63569617376
384053.63570424716
384056.0
384063.63569617376
384063.63570424716
384066.0
384073.63569617376
384073.63570424716
384076.0
384083.9343974725
384083.9344055459
384086.0
384093.63569617376
384093.63570424716
384096.0
384103.63569617376
384103.63570424716
384106.0
384113.63569617376
384113.63570424716
384116.0
384123.63569617376
384123.63570424716
384126.0
384136.0
384146.0
384156.0
384166.0
384176.0
384186.0
384196.0
384206.0
384216.0
384226.0
384236.0
384246.0
384256.0
384266.0
384276.0
384286.0
384296.0
384306.0
384316.0
384326.0
384336.0
384346.0
384356.0
384366.0
384376.0
384386.0
384396.0
384406.0
384416.0
384426.0
384436.0
384446.0
384456.0
384466.0
384476.0
384486.0
384496.0
384506.0
384516.0
384526.0
384536.0
384546.0
384556.0
384566.0
384576.0
384586.0
384596.0
384606.0
384616.0
384626.0
384636.0
384646.0
384656.0
384666.0
384676.0
384686.0
384696.0
384706.0
384716.0
384726.0
384736.0
384746.0
500006.0
500008.2820049092
500016.0
500018.2820049092
500026.0
500028.2820049092
500036.0
500038.2820049092
500046.0
500048.2820049092
500056.0
500058.2820049092
500066.0
500068.2820049092
500076.0
500078.2820049092
500086.0
500088.2820049092
500096.0
500098.2820049092
500106.0
500108.2820049092
500116.0
500118.2820049092
500126.0
500128.2820049092
500136.0
500138.2820049092
500146.0
500148.2820049092
500156.0
500158.2820049092
500166.0
500168.2820049092
500176.0
500178.2820049092
500186.0
500188.5807062079
500196.0
500198.5807062079
500206.0
500208.5807062079
500216.0
500218.2820049092
500226.0
500228.2820049092
500236.0
500238.2820049092
500246.0
500248.2820049092
500256.0
500266.0
500276.0
500286.0
500296.0
500306.0
500316.0
500326.0
500336.0
500346.0
500356.0
500366.0
500376.0
500386.0
500396.0
500406.0
500416.0
500426.0
500436.0
500446.0
500456.0
500466.0
500476.0
500486.0
500496.0
500506.0
500516.0
500526.0
500536.0
500546.0
500556.0
500566.0
500576.0
500586.0
500596.0
500606.0
500616.0
500626.0
500636.0
500646.0
500656.0
500666.0
500676.0
500686.0
500696.0
500706.0
500716.0
500726.0
500736.0
500746.0
500756.0
500766.0
500776.0
500786.0
500796.0
500806.0
500816.0
500826.0
500836.0
500846.0
500856.0
500866.0
500876.0
500886.0
500896.0
500906.0
500916.0
500926.0
500936.0
500946.0
500956.0
613006.0
613006.9425731467
613016.0
613016.9425731467
613026.0
613026.9425731467
613036.0
613036.9425731467
613046.0
613046.9425731467
613056.0
613056.9425731467
613066.0
613066.9425731467
613076.0
613076.9425731467
613086.0
613086.9425731467
613096.0
613096.9425731467
613106.0
613106.9425731467
613116.0
613116.9425731467
613126.0
613126.9425731467
613136.0
613136.9425731467
613146.0
613146.9425731467
613156.0
613156.9425731467
613166.0
613166.9425731467
613176.0
613176.9425731467
613186.0
613186.9425731467
613196.0
613206.0
613206.9425731467
613216.0
613216.9425731467
613226.0
613226.9425731467
613236.0
613236.9425731467
613246.0
613246.9425731467
613256.0
613266.0
613276.0
613286.0
613296.0
613306.0
613316.0
613326.0
613336.0
613346.0
613356.0
613366.0
613376.0
613386.0
613396.0
613406.0
613416.0
613426.0
613436.0
613446.0
613456.0
613466.0
613476.0
613486.0
613496.0
613506.0
613516.0
613526.0
613536.0
613546.0
613556.0
613566.0
613576.0
613586.0
613596.0
613606.0
613616.0
613626.0
613636.0
613646.0
613656.0
613666.0
613676.0
613686.0
613696.0
613706.0
613716.0
613726.0
613736.0
613746.0
613756.0
613766.0
613776.0
613786.0
613796.0
613806.0
613816.0
613826.0
613836.0
613843.5873992575
613846.0
613856.0
613866.0
613876.0
613886.0
613896.0
613906.0
613916.0
613926.0
613936.0
613946.0
613956.0
613966.0
613976.0
57001.130809039976
57001.13081711337
57006.0
57016.0
57026.0
57026.30565242762
57026.30566050101
57036.0
57046.0
57056.0
57066.0
57076.0
57086.0
57096.0
57106.0
57116.0
57126.0
57136.0
57146.0
57156.0
57166.0
57176.0
57186.0
57196.0
57206.0
57216.0
57226.0
57236.0
57246.0
57256.0
57266.0
57276.0
57286.0
57296.0
57306.0
57316.0
57326.0
57336.0
57346.0
57356.0
57366.0
57376.0
57386.0
57396.0
57406.0
57416.0
57426.0
57436.0
57446.0
57456.0
57466.0
57476.0
57486.0
57496.0
57506.0
57516.0
57526.0
57536.0
57546.0
57556.0
57566.0
57576.0
57586.0
57596.0
57606.0
57616.0
57626.0
57636.0
57646.0
57656.0
57666.0
57676.0
57686.0
57696.0
57706.0
57716.0
57726.0
57736.0
57746.0
57756.0
57766.0
57776.0
57786.0
57796.0
57806.0
57816.0
57826.0
57836.0
57846.0
57856.0
57866.0
57876.0
57886.0
57896.0
57906.0
57916.0
57926.0
57936.0
57946.0
57956.0
57966.0
57976.0
57986.0
57996.0
133005.00154852978
133005.00155660318
133006.0
133015.00154852978
133015.00155660318
133016.0
133025.00154852978
133025.00155660318
133026.0
133035.00154852978
133035.00155660318
133036.0
133045.00154852978
133045.00155660318
133046.0
133055.00154852978
133055.00155660318
133056.0
133066.0
133074.6028472311
133074.6028553045
133076.0
133083.1357590682
133083.1357671416
133086.0
133093.1357590682
133093.1357671416
133096.0
133103.1357590682
133103.1357671416
133106.0
133113.1357590682
133113.1357671416
133116.0
133123.1357590682
133123.1357671416
133126.0
133133.1357590682
133133.1357671416
133136.0
133146.0
133156.0
133166.0
133176.0
133186.0
133196.0
133206.0
133216.0
133226.0
133236.0
133246.0
133256.0
133266.0
133276.0
133286.0
133296.0
133306.0
133316.0
133326.0
133336.0
133346.0
133356.0
133366.0
133376.0
133386.0
133396.0
133406.0
133416.0
133426.0
133436.0
133446.0
133456.0
133466.0
133476.0
133486.0
133496.0
133506.0
133516.0
133526.0
133536.0
133546.0
133556.0
133566.0
133576.0
133586.0
133596.0
133606.0
133616.0
133626.0
133636.0
133646.0
133656.0
133666.0
133676.0
133686.0
133696.0
133706.0
133716.0
133726.0
133736.0
133746.0
243005.38758826366
243005.38759633707
243006.0
243015.38758826366
243015.38759633707
243016.0
243025.38758826366
243025.38759633707
243026.0
243035.38758826366
243035.38759633707
243036.0
243045.38758826366
243045.38759633707
243046.0
243055.38758826366
243055.38759633707
243056.0
243066.0
243073.32877893513
243073.32878700853
243076.0
243085.38758826366
243085.38759633707
243086.0
243095.38758826366
243095.38759633707
243096.0
243105.38758826366
243105.38759633707
243106.0
243115.38758826366
243115.38759633707
243116.0
243126.0
243136.0
243146.0
243156.0
243166.0
243176.0
243186.0
243196.0
243206.0
243216.0
243226.0
243236.0
243246.0
243256.0
243266.0
243276.0
243286.0
243296.0
243306.0
243316.0
243326.0
243336.0
243346.0
243356.0
243366.0
243376.0
243386.0
243396.0
243406.0
243416.0
243426.0
243436.0
243446.0
243456.0
243466.0
243476.0
243486.0
243496.0
243506.0
243516.0
243526.0
243536.0
243546.0
243556.0
243566.0
243576.0
243586.0
243596.0
243606.0
243616.0
243626.0
243636.0
243646.0
243656.0
243666.0
243676.0
243686.0
243696.0
243706.0
243716.0
243726.0
243736.0
243746.0
243756.0
243766.0
243776.0
243786.0
243796.0
243806.0
243816.0
243826.0
243836.0
243846.0
243856.0
243866.0
243876.0
243886.0
243896.0
243906.0
243916.0
243926.0
243936.0
243946.0
384003.63569617376
384003.63570424716
384006.0
384013.63569617376
384013.63570424716
384016.0
384023.63569617376
384023.63570424716
384026.0
384036.0
384043.63569617376
384043.63570424716
384046.0
384056.0
384066.0
384073.9343974725
384073.9344055459
384076.0
384083.63569617376
384083.63570424716
384086.0
384096.0
384103.63569617376
384103.63570424716
384106.0
384113.63569617376
384113.63570424716
384116.0
384123.63569617376
384123.63570424716
384126.0
384136.0
384146.0
384156.0
384166.0
384176.0
384186.0
384196.0
384206.0
384216.0
384226.0
384236.0
384246.0
384256.0
384266.0
384276.0
384286.0
384296.0
384306.0
384316.0
384326.0
384336.0
384346.0
384356.0
384366.0
384376.0
384386.0
384396.0
384406.0
384416.0
384426.0
384436.0
384446.0
384456.0
384466.0
384476.0
384486.0
384496.0
384506.0
384516.0
384526.0
384536.0
384546.0
384556.0
384566.0
384576.0
384586.0
384596.0
384606.0
384616.0
384626.0
384636.0
384646.0
384656.0
384666.0
384676.0
384686.0
384696.0
384706.0
384716.0
384726.0
384736.0
384746.0
500006.0
500008.2820049092
500016.0
500018.2820049092
500026.0
500028.2820049092
500036.0
500038.2820049092
500046.0
500048.2820049092
500056.0
500058.2820049092
500066.0
500068.2820049092
500076.0
500078.2820049092
500086.0
500088.2820049092
500096.0
500098.2820049092
500106.0
500108.2820049092
500116.0
500126.0
500128.2820049092
500136.0
500138.2820049092
500146.0
500148.2820049092
500156.0
500158.2820049092
500166.0
500168.2820049092
500176.0
500178.2820049092
500186.0
500188.5807062079
500196.0
500198.5807062079
500206.0
500208.5807062079
500216.0
500226.0
500236.0
500237.8833036105
500246.0
500247.8833036105
500248.2820049092
500256.0
500266.0
500276.0
500286.0
500296.0
500306.0
500316.0
500326.0
500336.0
500346.0
500356.0
500366.0
500376.0
500386.0
500396.0
500406.0
500416.0
500426.0
500436.0
500446.0
500456.0
500466.0
500476.0
500486.0
500496.0
500506.0
500516.0
500526.0
500536.0
500546.0
500556.0
500566.0
500576.0
500586.0
500596.0
500606.0
500616.0
500626.0
500636.0
500646.0
500656.0
500666.0
500676.0
500686.0
500696.0
500706.0
500716.0
500726.0
500736.0
500746.0
500756.0
500766.0
500776.0
500786.0
500796.0
500806.0
500816.0
500826.0
500836.0
500846.0
500856.0
500866.0
500876.0
500886.0
500896.0
500906.0
500916.0
500926.0
500936.0
500946.0
500956.0
613006.0
613006.9425731467
613016.0
613016.9425731467
613026.0
613026.9425731467
613036.0
613036.9425731467
613046.0
613046.9425731467
613056.0
613056.9425731467
613066.0
613066.9425731467
613076.0
613076.9425731467
613086.0
613086.9425731467
613096.0
613096.9425731467
613106.0
613106.9425731467
613116.0
613116.9425731467
613126.0
613126.9425731467
613136.0
613146.0
613146.9425731467
613156.0
613156.9425731467
613166.0
613166.9425731467
613176.0
613176.9425731467
613186.0
613186.9425731467
613196.0
613196.9425731467
613206.0
613206.9425731467
613216.0
613216.9425731467
613226.0
613226.9425731467
613236.0
613236.9425731467
613246.0
613246.9425731467
613256.0
613266.0
613276.0
613286.0
613296.0
613306.0
613316.0
613326.0
613336.0
613346.0
613356.0
613366.0
613376.0
613386.0
613396.0
613406.0
613416.0
613426.0
613436.0
613446.0
613456.0
613466.0
613476.0
613486.0
613496.0
613506.0
613516.0
613526.0
613536.0
613546.0
613556.0
613566.0
613576.0
613586.0
613596.0
613606.0
613616.0
613626.0
613636.0
613646.0
613656.0
613666.0
613676.0
613686.0
613696.0
613706.0
613716.0
613726.0
613736.0
613746.0
613756.0
613766.0
613776.0
613786.0
613796.0
613806.0
613816.0
613826.0
613836.0
613843.5873992575
613846.0
613856.0
613866.0
613876.0
613886.0
613896.0
613906.0
613916.0
613926.0
613936.0
613946.0
613956.0
613966.0
613976.0
