99002.13618335774
99002.13619104338
99006.0
99016.0
99026.0
99036.0
99046.0
99056.0
99066.0
99076.0
99086.0
99096.0
99106.0
99116.0
99126.0
99136.0
99146.0
99156.0
99166.0
99176.0
99186.0
99196.0
99206.0
99216.0
99226.0
99236.0
99246.0
99256.0
99266.0
99276.0
99286.0
99296.0
99306.0
99316.0
99326.0
99336.0
99346.0
99356.0
99366.0
99376.0
99386.0
99396.0
99406.0
99416.0
99426.0
99436.0
99446.0
99456.0
99466.0
99476.0
99486.0
99496.0
99506.0
99516.0
99526.0
99536.0
99546.0
99556.0
99566.0
99576.0
99586.0
99596.0
99606.0
99616.0
99626.0
99636.0
99646.0
99656.0
99666.0
99676.0
99686.0
99696.0
99706.0
99716.0
99726.0
99736.0
99746.0
99756.0
99766.0
99776.0
99786.0
99796.0
99806.0
99816.0
99826.0
99836.0
99846.0
99856.0
99866.0
99876.0
99886.0
99896.0
99906.0
99916.0
99926.0
99936.0
99946.0
99956.0
99966.0
99976.0
99986.0
99996.0
100001.6589964289
100001.65900411454
100006.0
100016.0
100026.0
100036.0
100046.0
100050.6589964289
100050.65900411454
100056.0
100066.0
100076.0
100086.0
100096.0
100106.0
100116.0
100126.0
100136.0
100146.0
328004.8112361255
328004.8112438111
328006.0
328006.0266480211
328006.02665570675
328015.1158259843
328015.1158336699
328016.0
328026.0
328026.0266480211
328026.02665570675
328036.0
328037.2214839584
328037.22149164404
328046.0
328054.8113129817
328054.81132066733
328056.0
328064.44523179706
328064.4452394827
328066.0
328074.8112514967
328074.81125918234
328076.0
328076.7034439177
328076.7034516033
328076.7034592889
328076.70346697455
328076.7034746602
328076.7034823458
328085.75309716834
328085.75310485397
328086.0
328096.0
328104.8112361255
328104.8112438111
328104.8112514967
328104.81125918234
328104.81126686797
328104.8112745536
328106.0
328106.0266480211
328106.02665570675
328115.1158259843
328115.1158336699
328116.0
328126.0
328126.0266480211
328126.02665570675
328136.0
328146.0
328156.0
328166.0
328176.0
328186.0
328196.0
328206.0
328216.0
328226.0
328236.0
328246.0
328256.0
328266.0
328276.0
328286.0
328296.0
328306.0
328316.0
328326.0
328336.0
328346.0
328356.0
328366.0
328376.0
328386.0
328396.0
328406.0
328416.0
328426.0
328436.0
328446.0
328456.0
328466.0
328476.0
328486.0
328496.0
328506.0
328516.0
328526.0
328536.0
328546.0
328556.0
328566.0
328576.0
328586.0
328596.0
328606.0
328616.0
328626.0
328636.0
328646.0
328656.0
328666.0
328676.0
328686.0
328696.0
328706.0
328716.0
328726.0
328736.0
328746.0
328756.0
328766.0
328776.0
328786.0
328796.0
328806.0
328816.0
328826.0
328836.0
328846.0
328856.0
328866.0
328876.0
328886.0
328896.0
328906.0
328916.0
328926.0
328936.0
328946.0
328956.0
328966.0
328976.0
328986.0
328996.0
329006.0
329016.0
329026.0
329036.0
329046.0
333005.5301272693
333005.5301349549
333006.0
333015.5301272693
333015.5301349549
333016.0
333025.5301272693
333025.5301349549
333026.0
333034.62441954087
333034.6244272265
333036.0
333046.0
333054.2257182422
333054.2257259278
333055.40936780826
333055.4093754939
333056.0
333066.0
333067.4223811752
333067.42238886084
333076.0
333084.2257182422
333084.2257259278
333085.5301272693
333085.5301349549
333086.0
333096.0
333096.2275452379
333096.22755292355
333096.2275606092
333096.2275682948
333096.2275759804
333096.22758366604
333105.5301272693
333105.5301349549
333106.0
333116.0
333125.5301272693
333125.5301349549
333125.5301426405
333125.53015032614
333125.53015801177
333125.5301656974
333126.0
333136.0
333146.0
333156.0
333166.0
333176.0
333186.0
333196.0
333206.0
333216.0
333226.0
333236.0
333246.0
333256.0
333266.0
333276.0
333286.0
333296.0
333306.0
333316.0
333326.0
333336.0
333346.0
333356.0
333366.0
333376.0
333386.0
333396.0
333406.0
333416.0
333426.0
333436.0
333446.0
333456.0
333466.0
333476.0
333486.0
333496.0
333506.0
333516.0
333526.0
333536.0
333546.0
333556.0
333566.0
333576.0
333586.0
333596.0
333606.0
333616.0
333626.0
333636.0
333646.0
333656.0
333666.0
333676.0
333686.0
333696.0
333706.0
333716.0
333726.0
333736.0
333746.0
333756.0
333766.0
333776.0
333786.0
333796.0
333806.0
333816.0
337005.7611262622
337005.7611339478
337005.76114163344
337005.76114931906
337005.7611570047
337005.7611646903
337006.0
337006.76790842466
337006.7679161103
337016.0
337016.79770133534
337016.79770902096
337026.0
337027.0963872628
337027.0963949484
337027.09640263405
337027.0964103197
337027.0964180053
337027.0964256909
337036.0
337039.18731172493
337039.18731941056
337039.1873270962
337039.1873347818
337039.1873424674
337039.18735015305
337039.1873578387
337039.1873655243
337039.1873732099
337039.18738089554
337046.0
337056.0
337065.7611262622
337065.7611339478
337066.0
337076.0
337076.4989846654
337076.498992351
337086.0
337095.7611262622
337095.7611339478
337096.0
337096.79770133534
337096.79770902096
337106.0
337107.0963872628
337107.0963949484
337107.09640263405
337107.0964103197
337107.0964180053
337107.0964256909
337116.0
337119.18731172493
337119.18731941056
337119.1873270962
337119.1873347818
337119.1873424674
337119.18735015305
337119.1873578387
337119.1873655243
337119.1873732099
337119.18738089554
337126.0
337136.0
337145.76114163344
337145.76114931906
337145.7611570047
337145.7611646903
337145.76117237593
337145.76118006156
337145.7611877472
337145.7611954328
337145.7612031184
337145.76121080405
337146.0
337146.79770133534
337146.79770902096
337156.0
337157.99250653014
337157.99251421576
337157.9925219014
337157.992529587
337157.9925372726
337157.99254495825
337166.0
337169.18731172493
337169.18731941056
337169.1873270962
337169.1873347818
337169.1873424674
337169.18735015305
337169.1873578387
337169.1873655243
337169.1873732099
337169.18738089554
337176.0
337185.6658737743
337185.66588145995
337185.6658891456
337185.6658968312
337185.6659045168
337185.66591220244
337185.66591988807
337185.6659275737
337185.6659352593
337185.66594294494
337186.0
337189.18731172493
337189.18731941056
337189.1873270962
337189.1873347818
337189.1873424674
337189.18735015305
337189.1873578387
337189.1873655243
337189.1873732099
337189.18738089554
337196.0
337199.18731172493
337199.18731941056
337199.1873270962
337199.1873347818
337199.1873424674
337199.18735015305
337199.1873578387
337199.1873655243
337199.1873732099
337199.18738089554
337206.0
337209.18731172493
337209.18731941056
337209.1873270962
337209.1873347818
337209.1873424674
337209.18735015305
337209.1873578387
337209.1873655243
337209.1873732099
337209.18738089554
337216.0
337225.7611262622
337225.7611339478
337225.76114163344
337225.76114931906
337225.7611570047
337225.7611646903
337225.76117237593
337225.76118006156
337225.7611877472
337225.7611954328
337226.0
337229.18731172493
337229.18731941056
337229.1873270962
337229.1873347818
337229.1873424674
337229.18735015305
337229.1873578387
337229.1873655243
337229.1873732099
337229.18738089554
337236.0
337239.18731172493
337239.18731941056
337239.1873270962
337239.1873347818
337239.1873424674
337239.18735015305
337239.1873578387
337239.1873655243
337239.1873732099
337239.18738089554
337246.0
337249.18731172493
337249.18731941056
337249.1873270962
337249.1873347818
337249.1873424674
337249.18735015305
337249.1873578387
337249.1873655243
337249.1873732099
337249.18738089554
337256.0
337266.0
337276.0
337286.0
337296.0
337306.0
337316.0
337326.0
337336.0
337346.0
337356.0
337366.0
337376.0
337386.0
337396.0
337406.0
337416.0
337426.0
337436.0
337446.0
337456.0
337466.0
337476.0
337486.0
337496.0
337506.0
337516.0
337526.0
337536.0
337546.0
337556.0
337566.0
337576.0
337586.0
337596.0
337606.0
337616.0
337626.0
337636.0
337646.0
337656.0
337666.0
337676.0
337686.0
337696.0
337706.0
337716.0
337726.0
337736.0
337746.0
337756.0
337766.0
337776.0
337786.0
337796.0
337806.0
337816.0
337826.0
337836.0
337846.0
337856.0
341005.4337991185
341005.4338068041
341006.0
341015.4337991185
341015.4338068041
341016.0
341025.4337991185
341025.4338068041
341026.0
341035.4337991185
341035.4338068041
341036.0
341045.4337991185
341045.4338068041
341046.0
341055.4337991185
341055.4338068041
341056.0
341066.0
341075.76005051757
341075.7600582032
341076.0
341085.76005051757
341085.7600582032
341086.0
341095.7325004172
341095.73250810284
341096.0
341105.4337991185
341105.4338068041
341106.0
341115.4337991185
341115.4338068041
341116.0
341125.7325004172
341125.73250810284
341126.0
341136.0
341146.0
341156.0
341166.0
341176.0
341186.0
341196.0
341206.0
341216.0
341226.0
341236.0
341246.0
341256.0
341266.0
341276.0
341286.0
341296.0
341306.0
341316.0
341326.0
341336.0
341346.0
341356.0
341366.0
341376.0
341386.0
341396.0
341406.0
341416.0
341426.0
341436.0
341446.0
341456.0
341466.0
341476.0
341486.0
341496.0
341506.0
341516.0
341524.45716264425
341524.4571703299
341526.0
341536.0
341546.0
341556.0
341566.0
341573.45716264425
341573.4571703299
341576.0
341586.0
341596.0
341606.0
341616.0
341626.0
341636.0
341646.0
341656.0
341666.0
341676.0
341686.0
341696.0
341706.0
341716.0
341726.0
341736.0
341746.0
341756.0
341766.0
341776.0
341786.0
341796.0
341806.0
341816.0
341826.0
341836.0
341846.0
341856.0
341866.0
341876.0
341886.0
341896.0
341906.0
341916.0
341926.0
341936.0
341946.0
341956.0
341966.0
341976.0
345006.0
345006.6361001439
345006.6361078295
345016.0
345016.6361001439
345016.6361078295
345026.0
345026.6361001439
345026.6361078295
345036.0
345036.6361001439
345036.6361078295
345046.0
345046.6361001439
345046.6361078295
345056.0
345056.6361001439
345056.6361078295
345066.0
345066.6361001439
345066.6361078295
345076.0
345076.6361001439
345076.6361078295
345086.0
345086.6361001439
345086.6361078295
345096.0
345096.6361001439
345096.6361078295
345106.0
345116.0
345116.6361001439
345116.6361078295
345126.0
345128.1296066374
345128.129614323
345136.0
345137.2335027413
345137.23351042694
345137.23351811257
345137.2335257982
345137.2335334838
345137.23354116944
345146.0
345147.8309053387
345147.8309130243
345147.83092070994
345147.83092839556
345147.8309360812
345147.8309437668
345147.83095145243
345147.83095913805
345147.8309668237
345147.8309745093
345156.0
345157.8309053387
345157.8309130243
345157.83092070994
345157.83092839556
345157.8309360812
345157.8309437668
345157.83095145243
345157.83095913805
345157.8309668237
345157.8309745093
345166.0
345167.8309053387
345167.8309130243
345167.83092070994
345167.83092839556
345167.8309360812
345167.8309437668
345167.83095145243
345167.83095913805
345167.8309668237
345167.8309745093
345176.0
345177.8309053387
345177.8309130243
345177.83092070994
345177.83092839556
345177.8309360812
345177.8309437668
345177.83095145243
345177.83095913805
345177.8309668237
345177.8309745093
345186.0
345187.8309053387
345187.8309130243
345187.83092070994
345187.83092839556
345187.8309360812
345187.8309437668
345187.83095145243
345187.83095913805
345187.8309668237
345187.8309745093
345196.0
345197.8309053387
345197.8309130243
345197.83092070994
345197.83092839556
345197.8309360812
345197.8309437668
345197.83095145243
345197.83095913805
345197.8309668237
345197.8309745093
345206.0
345207.8309053387
345207.8309130243
345207.83092070994
345207.83092839556
345207.8309360812
345207.8309437668
345207.83095145243
345207.83095913805
345207.8309668237
345207.8309745093
345216.0
345217.8309053387
345217.8309130243
345217.83092070994
345217.83092839556
345217.8309360812
345217.8309437668
345217.83095145243
345217.83095913805
345217.8309668237
345217.8309745093
345226.0
345227.8309053387
345227.8309130243
345227.83092070994
345227.83092839556
345227.8309360812
345227.8309437668
345227.83095145243
345227.83095913805
345227.8309668237
345227.8309745093
345236.0
345246.0
345246.2373988452
345246.2374065308
345256.0
345266.0
345276.0
345286.0
345296.0
345306.0
345316.0
345326.0
345336.0
345346.0
345356.0
345356.1230151477
345356.1230228333
345366.0
345376.0
345386.0
345396.0
345406.0
345416.0
345426.0
345436.0
345446.0
345456.0
345466.0
345476.0
345486.0
345496.0
345506.0
345516.0
345526.0
345536.0
345546.0
345556.0
345566.0
345576.0
345586.0
345596.0
345606.0
345616.0
345626.0
345636.0
345646.0
345656.0
345666.0
345676.0
345686.0
345696.0
345706.0
345716.0
345726.0
345736.0
345746.0
345756.0
345766.0
345776.0
345786.0
345796.0
345806.0
345816.0
345826.0
349006.0
349006.8218700423
349006.8218777279
349016.0
349017.2575803941
349017.2575880797
349026.0
349026.44011552824
349026.44012321386
349036.0
349036.8218700423
349036.8218777279
349046.0
349046.6557943541
349046.6558020397
349056.0
349056.6601624254
349056.66017011105
349066.0
349075.9168728346
349075.91688052024
349076.0
349085.9169035771
349085.9169112627
349086.0
349096.0
349105.91685746337
349105.916865149
349106.0
349106.6601624254
349106.66017011105
349116.0
349126.0
349129.0498343
349129.04984198563
349136.0
349146.0
349156.0
349166.0
349176.0
349186.0
349196.0
349206.0
349216.0
349226.0
349236.0
349246.0
349256.0
349266.0
349276.0
349286.0
349296.0
349306.0
349316.0
349326.0
349336.0
349346.0
349356.0
349366.0
349376.0
349386.0
349396.0
349406.0
349416.0
349426.0
349436.0
349446.0
349456.0
349466.0
349476.0
349486.0
349496.0
349506.0
349516.0
349526.0
349536.0
349546.0
349556.0
349566.0
349576.0
349586.0
349596.0
349606.0
349616.0
349626.0
349636.0
349646.0
349656.0
349666.0
349676.0
349686.0
349696.0
352006.0
352006.49091276596
352006.4909204516
352016.0
352026.0
352026.49091276596
352026.4909204516
352036.0
352046.0
352046.49091276596
352046.4909204516
352056.0
352056.49091276596
352056.4909204516
352066.0
352066.49091276596
352066.4909204516
352076.0
352076.49091276596
352076.4909204516
352086.0
352086.49091276596
352086.4909204516
352096.0
352096.49091276596
352096.4909204516
352106.0
352116.0
352116.49091276596
352116.4909204516
352126.0
352127.9844346307
352127.98444231634
352136.0
352145.5841320509
352145.58413973654
352146.0
352147.9844346307
352147.98444231634
352147.98445000197
352147.9844576876
352147.9844653732
352147.98447305884
352156.0
352159.1792398255
352159.17924751114
352159.17925519677
352159.1792628824
352159.179270568
352159.17927825364
352159.17928593926
352159.1792936249
352159.1793013105
352159.1793089961
352166.0
352169.1792398255
352169.17924751114
352169.17925519677
352169.1792628824
352169.179270568
352169.17927825364
352169.17928593926
352169.1792936249
352169.1793013105
352169.1793089961
352176.0
352179.1792398255
352179.17924751114
352179.17925519677
352179.1792628824
352179.179270568
352179.17927825364
352179.17928593926
352179.1792936249
352179.1793013105
352179.1793089961
352186.0
352189.1792398255
352189.17924751114
352189.17925519677
352189.1792628824
352189.179270568
352189.17927825364
352189.17928593926
352189.1792936249
352189.1793013105
352189.1793089961
352196.0
352206.0
352206.49091276596
352206.4909204516
352216.0
352216.49091276596
352216.4909204516
352226.0
352226.49091276596
352226.4909204516
352236.0
352236.49091276596
352236.4909204516
352246.0
352246.49091276596
352246.4909204516
352256.0
352266.0
352276.0
352286.0
352296.0
352306.0
352316.0
352326.0
352336.0
352346.0
352356.0
352366.0
352376.0
352386.0
352396.0
352406.0
352416.0
352426.0
352436.0
352446.0
352456.0
352466.0
352476.0
352486.0
352496.0
352506.0
352516.0
352526.0
352536.0
352546.0
352556.0
352566.0
352576.0
352586.0
352596.0
352606.0
352616.0
352626.0
352636.0
352646.0
352656.0
352666.0
352676.0
352686.0
352696.0
352706.0
352716.0
352726.0
352736.0
352746.0
352756.0
352766.0
352776.0
352786.0
352796.0
352806.0
352816.0
352826.0
352836.0
352846.0
352856.0
352866.0
352876.0
352886.0
352896.0
352906.0
352916.0
352926.0
352936.0
352946.0
352956.0
352966.0
352976.0
352986.0
352996.0
353006.0
353016.0
353026.0
353036.0
353046.0
353056.0
353066.0
357006.0
357006.3408193623
357006.34082704794
357016.0
357016.3752826188
357016.3752903044
357026.0
357026.3973793749
357026.3973870605
357036.0
357036.3752826188
357036.3752903044
357046.0
357046.3973793749
357046.3973870605
357056.0
357056.3752826188
357056.3752903044
357066.0
357067.5921845697
357067.5921922553
357076.0
357076.3752826188
357076.3752903044
357086.0
357086.3973793749
357086.3973870605
357096.0
357097.5921845697
357097.5921922553
357097.59219994093
357097.59220762656
357097.5922153122
357097.5922229978
357106.0
357108.7869897645
357108.7869974501
357108.78700513573
357108.78701282135
357108.787020507
357108.7870281926
357108.7870358782
357108.78704356385
357108.78705124947
357108.7870589351
357116.0
357116.3752826188
357116.3752903044
357126.0
357126.3973793749
357126.3973870605
357136.0
357146.0
357156.0
357166.0
357176.0
357186.0
357196.0
357206.0
357216.0
357226.0
357236.0
357246.0
357256.0
357266.0
357276.0
357286.0
357296.0
357306.0
357316.0
357326.0
357336.0
357346.0
357356.0
357366.0
357376.0
357386.0
357396.0
357406.0
357416.0
357426.0
357436.0
357446.0
357456.0
357466.0
357476.0
357486.0
357496.0
357506.0
357516.0
357526.0
357536.0
357546.0
357556.0
357566.0
357576.0
357586.0
357596.0
357606.0
357616.0
357626.0
357636.0
357646.0
357656.0
357666.0
357676.0
357686.0
357696.0
357706.0
357716.0
357726.0
357736.0
357746.0
357756.0
357766.0
357776.0
357786.0
357796.0
357806.0
357816.0
357826.0
357836.0
357846.0
357856.0
357866.0
357876.0
357886.0
357896.0
357906.0
357916.0
357926.0
357936.0
357946.0
357956.0
357966.0
357976.0
357986.0
357996.0
358006.0
358016.0
362006.0
362006.17683530704
362006.17684299266
362016.0
362016.07862004254
362016.07862772816
362025.994961702
362025.9949693876
362026.0
362036.0
362036.03710112046
362036.0371088061
362046.0
362046.07862004254
362046.07862772816
362056.0
362057.53232632007
362057.5323340057
362066.0
362076.0
362076.03710112046
362076.0371088061
362085.994961702
362085.9949693876
362086.0
362095.994961702
362095.9949693876
362096.0
362105.994961702
362105.9949693876
362106.0
362116.0
362116.07862004254
362116.07862772816
362126.0
362127.4469492734
362127.44695695903
362135.994961702
362135.9949693876
362136.0
362145.9534427799
362145.9534504655
362146.0
362155.994961702
362155.9949693876
362156.0
362166.0
362176.0
362176.33580241917
362176.3358101048
362176.3358177904
362176.33582547604
362186.0
362186.07862004254
362186.07862772816
362195.994961702
362195.9949693876
362196.0
362206.0
362206.03710112046
362206.0371088061
362216.0
362216.07862004254
362216.07862772816
362226.0
362226.37732134125
362226.3773290269
362235.9534427799
362235.9534504655
362236.0
362246.0
362256.0
362266.0
362276.0
362286.0
362296.0
362306.0
362316.0
362326.0
362336.0
362346.0
362356.0
362366.0
362376.0
362386.0
362396.0
362406.0
362416.0
362426.0
362436.0
362446.0
362456.0
362466.0
362476.0
362486.0
362496.0
362506.0
362516.0
362526.0
362536.0
362546.0
362556.0
362566.0
362576.0
362586.0
362596.0
362606.0
362616.0
362626.0
362636.0
362646.0
362656.0
362666.0
362676.0
362686.0
362696.0
362706.0
362716.0
362726.0
362736.0
362746.0
362756.0
362766.0
362776.0
362786.0
362796.0
362806.0
362816.0
362826.0
362836.0
362846.0
362856.0
362866.0
362876.0
362886.0
362896.0
362906.0
362916.0
362926.0
362936.0
362946.0
362956.0
362966.0
362976.0
362986.0
362996.0
363006.0
363016.0
363026.0
363036.0
363046.0
363056.0
363066.0
363076.0
363086.0
367004.62864182616
367004.6286495118
367006.0
367014.62864182616
367014.6286495118
367016.0
367024.62864182616
367024.6286495118
367026.0
367034.62864182616
367034.6286495118
367036.0
367044.62864182616
367044.6286495118
367046.0
367056.0
367064.35391927615
367064.3539269618
367066.0
367074.62864182616
367074.6286495118
367076.0
367084.62864182616
367084.6286495118
367086.0
367094.62864182616
367094.6286495118
367094.6286571974
367094.628664883
367094.62867256865
367094.6286802543
367096.0
367104.62864182616
367104.6286495118
367104.6286571974
367104.628664883
367104.62867256865
367104.6286802543
367104.6286879399
367104.6286956255
367104.62870331114
367104.62871099677
367106.0
367114.62864182616
367114.6286495118
367114.6286571974
367114.628664883
367114.62867256865
367114.6286802543
367114.6286879399
367114.6286956255
367114.62870331114
367114.62871099677
367116.0
367124.62864182616
367124.6286495118
367124.6286571974
367124.628664883
367124.62867256865
367124.6286802543
367124.6286879399
367124.6286956255
367124.62870331114
367124.62871099677
367126.0
367135.2212207141
367135.2212283997
367135.22123608534
367135.22124377097
367135.2212514566
367135.2212591422
367135.22126682784
367135.22127451346
367135.2212821991
367135.2212898847
367136.0
367146.0
367156.0
367166.0
367176.0
367186.0
367196.0
367206.0
367216.0
367226.0
367236.0
367246.0
367256.0
367266.0
367276.0
367286.0
367296.0
367306.0
367316.0
367326.0
367336.0
367346.0
367356.0
367366.0
367376.0
367386.0
367396.0
367406.0
367416.0
367426.0
367436.0
367446.0
367456.0
367466.0
367476.0
367486.0
367496.0
367506.0
367516.0
367526.0
367536.0
367546.0
367556.0
367566.0
367576.0
367586.0
367596.0
367606.0
367616.0
367626.0
367636.0
367646.0
367656.0
367666.0
367676.0
367686.0
367696.0
367706.0
367716.0
367726.0
367736.0
367746.0
367756.0
367766.0
367776.0
367786.0
367796.0
367806.0
367816.0
367826.0
367836.0
367846.0
367856.0
367866.0
367876.0
367886.0
367896.0
367906.0
367916.0
367926.0
367936.0
367946.0
367956.0
367966.0
367976.0
367986.0
367996.0
368006.0
368016.0
368026.0
99002.13618335774
99002.13619104338
99006.0
99016.0
99026.0
99036.0
99046.0
99056.0
99066.0
99076.0
99086.0
99096.0
99106.0
99116.0
99126.0
99136.0
99146.0
99156.0
99166.0
99176.0
99186.0
99196.0
99206.0
99216.0
99226.0
99236.0
99246.0
99256.0
99266.0
99276.0
99286.0
99296.0
99306.0
99316.0
99326.0
99336.0
99346.0
99356.0
99366.0
99376.0
99386.0
99396.0
99406.0
99416.0
99426.0
99436.0
99446.0
99456.0
99466.0
99476.0
99486.0
99496.0
99506.0
99516.0
99526.0
99536.0
99546.0
99556.0
99566.0
99576.0
99586.0
99596.0
99606.0
99616.0
99626.0
99636.0
99646.0
99656.0
99666.0
99676.0
99686.0
99696.0
99706.0
99716.0
99726.0
99736.0
99746.0
99756.0
99766.0
99776.0
99786.0
99796.0
99806.0
99816.0
99826.0
99836.0
99846.0
99856.0
99866.0
99876.0
99886.0
99896.0
99906.0
99916.0
99926.0
99936.0
99946.0
99956.0
99966.0
99976.0
99986.0
99996.0
100001.6589964289
100001.65900411454
100006.0
100016.0
100026.0
100036.0
100046.0
100050.6589964289
100050.65900411454
100056.0
100066.0
100076.0
100086.0
100096.0
100106.0
100116.0
100126.0
100136.0
100146.0
328006.0
328007.2214839584
328007.22149164404
328016.0
328024.8112514967
328024.81125918234
328026.0
328027.2214839584
328027.22149164404
328036.0
328038.4163198957
328038.41632758133
328046.0
328054.71714005683
328054.71714774246
328055.414527283
328055.4145349686
328056.0
328066.0
328067.2214532159
328067.22146090155
328076.0
328077.2214839584
328077.22149164404
328077.22149932967
328077.2215070153
328077.2215147009
328077.22152238654
328086.0
328094.8112514967
328094.81125918234
328094.81126686797
328094.8112745536
328094.8112822392
328094.81128992484
328096.0
328106.0
328113.4076167213
328113.4076244069
328113.40763209254
328113.40763977816
328113.4076474638
328113.4076551494
328113.40766283503
328113.40767052065
328113.4076782063
328113.4076858919
328114.10500394745
328114.1050116331
328116.0
328116.0266480211
328116.02665570675
328125.1158259843
328125.1158336699
328126.0
328136.0
328146.0
328156.0
328166.0
328176.0
328186.0
328196.0
328206.0
328216.0
328226.0
328236.0
328246.0
328256.0
328266.0
328276.0
328286.0
328296.0
328306.0
328316.0
328326.0
328336.0
328346.0
328356.0
328366.0
328376.0
328386.0
328396.0
328406.0
328416.0
328426.0
328436.0
328446.0
328456.0
328466.0
328476.0
328486.0
328496.0
328506.0
328516.0
328526.0
328536.0
328546.0
328556.0
328566.0
328576.0
328586.0
328596.0
328606.0
328616.0
328626.0
328636.0
328646.0
328656.0
328666.0
328676.0
328686.0
328696.0
328706.0
328716.0
328726.0
328736.0
328746.0
328756.0
328766.0
328776.0
328786.0
328796.0
328806.0
328816.0
328826.0
328836.0
328846.0
328856.0
328866.0
328876.0
328886.0
328896.0
328906.0
328916.0
328926.0
328936.0
328946.0
328956.0
328966.0
328976.0
328986.0
328996.0
329006.0
329016.0
329026.0
329036.0
329046.0
333005.5301272693
333005.5301349549
333006.0
333015.5301272693
333015.5301349549
333016.0
333026.0
333036.0
333045.5301272693
333045.5301349549
333046.0
333054.62441954087
333054.6244272265
333056.0
333066.0
333074.2257182422
333074.2257259278
333075.5301272693
333075.5301349549
333076.0
333085.5301272693
333085.5301349549
333086.0
333095.5301272693
333095.5301349549
333096.0
333105.5301272693
333105.5301349549
333106.0
333116.0
333116.2275452379
333116.22755292355
333116.2275606092
333116.2275682948
333116.2275759804
333116.22758366604
333126.0
333135.5301426405
333135.53015032614
333135.53015801177
333135.5301656974
333135.530173383
333135.53018106864
333135.53018875426
333135.5301964399
333135.5302041255
333135.5302118111
333136.0
333146.0
333156.0
333166.0
333176.0
333186.0
333196.0
333206.0
333216.0
333226.0
333236.0
333246.0
333256.0
333266.0
333276.0
333286.0
333296.0
333306.0
333316.0
333326.0
333336.0
333346.0
333356.0
333366.0
333376.0
333386.0
333396.0
333406.0
333416.0
333426.0
333436.0
333446.0
333456.0
333466.0
333476.0
333486.0
333496.0
333506.0
333516.0
333526.0
333536.0
333546.0
333556.0
333566.0
333576.0
333586.0
333596.0
333606.0
333616.0
333626.0
333636.0
333646.0
333656.0
333666.0
333676.0
333686.0
333696.0
333706.0
333716.0
333726.0
333736.0
333746.0
333756.0
333766.0
333776.0
333786.0
333796.0
333806.0
333816.0
337005.6658891456
337005.6658968312
337006.0
337006.76790842466
337006.7679161103
337016.0
337016.79770133534
337016.79770902096
337026.0
337035.7611262622
337035.7611339478
337035.76114163344
337035.76114931906
337035.7611570047
337035.7611646903
337036.0
337046.0
337046.79770133534
337046.79770902096
337056.0
337057.0963872628
337057.0963949484
337057.09640263405
337057.0964103197
337057.0964180053
337057.0964256909
337066.0
337067.99250653014
337067.99251421576
337067.9925219014
337067.992529587
337067.9925372726
337067.99254495825
337076.0
337079.18731172493
337079.18731941056
337079.1873270962
337079.1873347818
337079.1873424674
337079.18735015305
337079.1873578387
337079.1873655243
337079.1873732099
337079.18738089554
337086.0
337089.18731172493
337089.18731941056
337089.1873270962
337089.1873347818
337089.1873424674
337089.18735015305
337089.1873578387
337089.1873655243
337089.1873732099
337089.18738089554
337096.0
337106.0
337106.79770133534
337106.79770902096
337116.0
337125.0897400464
337125.08974773204
337126.0
337136.0
337136.79770133534
337136.79770902096
337146.0
337147.9925372726
337147.99254495825
337147.9925526439
337147.9925603295
337147.9925680151
337147.99257570074
337156.0
337159.18731172493
337159.18731941056
337159.1873270962
337159.1873347818
337159.1873424674
337159.18735015305
337159.1873578387
337159.1873655243
337159.1873732099
337159.18738089554
337166.0
337169.18731172493
337169.18731941056
337169.1873270962
337169.1873347818
337169.1873424674
337169.18735015305
337169.1873578387
337169.1873655243
337169.1873732099
337169.18738089554
337176.0
337179.18731172493
337179.18731941056
337179.1873270962
337179.1873347818
337179.1873424674
337179.18735015305
337179.1873578387
337179.1873655243
337179.1873732099
337179.18738089554
337186.0
337189.18731172493
337189.18731941056
337189.1873270962
337189.1873347818
337189.1873424674
337189.18735015305
337189.1873578387
337189.1873655243
337189.1873732099
337189.18738089554
337196.0
337199.18731172493
337199.18731941056
337199.1873270962
337199.1873347818
337199.1873424674
337199.18735015305
337199.1873578387
337199.1873655243
337199.1873732099
337199.18738089554
337206.0
337209.18731172493
337209.18731941056
337209.1873270962
337209.1873347818
337209.1873424674
337209.18735015305
337209.1873578387
337209.1873655243
337209.1873732099
337209.18738089554
337216.0
337219.18731172493
337219.18731941056
337219.1873270962
337219.1873347818
337219.1873424674
337219.18735015305
337219.1873578387
337219.1873655243
337219.1873732099
337219.18738089554
337226.0
337227.1759265397
337227.1759342253
337236.0
337236.79770133534
337236.79770902096
337246.0
337256.0
337265.7611262622
337265.7611339478
337265.76114163344
337265.76114931906
337265.7611570047
337265.7611646903
337266.0
337276.0
337286.0
337296.0
337306.0
337316.0
337326.0
337336.0
337346.0
337356.0
337366.0
337376.0
337386.0
337396.0
337406.0
337416.0
337426.0
337436.0
337446.0
337456.0
337466.0
337476.0
337486.0
337496.0
337506.0
337516.0
337526.0
337536.0
337546.0
337556.0
337566.0
337576.0
337586.0
337596.0
337606.0
337616.0
337626.0
337636.0
337646.0
337656.0
337666.0
337676.0
337686.0
337696.0
337706.0
337716.0
337726.0
337736.0
337746.0
337756.0
337766.0
337776.0
337786.0
337796.0
337806.0
337816.0
337826.0
337836.0
337846.0
337856.0
341006.0
341015.4337991185
341015.4338068041
341016.0
341025.4337991185
341025.4338068041
341026.0
341035.4337991185
341035.4338068041
341036.0
341045.4337991185
341045.4338068041
341046.0
341055.4337991185
341055.4338068041
341056.0
341066.0
341075.0350978198
341075.03510550543
341075.76005051757
341075.7600582032
341076.0
341085.76005051757
341085.7600582032
341086.0
341096.0
341105.4337991185
341105.4338068041
341106.0
341115.4337991185
341115.4338068041
341116.0
341126.0
341136.0
341146.0
341156.0
341166.0
341176.0
341186.0
341196.0
341206.0
341216.0
341226.0
341236.0
341246.0
341256.0
341266.0
341276.0
341286.0
341296.0
341306.0
341316.0
341326.0
341336.0
341346.0
341356.0
341366.0
341376.0
341386.0
341396.0
341406.0
341416.0
341426.0
341436.0
341446.0
341456.0
341466.0
341476.0
341486.0
341496.0
341506.0
341516.0
341524.45716264425
341524.4571703299
341526.0
341536.0
341546.0
341556.0
341566.0
341573.45716264425
341573.4571703299
341576.0
341586.0
341596.0
341606.0
341616.0
341626.0
341636.0
341646.0
341656.0
341666.0
341676.0
341686.0
341696.0
341706.0
341716.0
341726.0
341736.0
341746.0
341756.0
341766.0
341776.0
341786.0
341796.0
341806.0
341816.0
341826.0
341836.0
341846.0
341856.0
341866.0
341876.0
341886.0
341896.0
341906.0
341916.0
341926.0
341936.0
341946.0
341956.0
341966.0
341976.0
345006.0
345006.6361001439
345006.6361078295
345016.0
345016.6361001439
345016.6361078295
345026.0
345026.6361001439
345026.6361078295
345036.0
345046.0
345046.6361001439
345046.6361078295
345056.0
345056.6361001439
345056.6361078295
345066.0
345066.6361001439
345066.6361078295
345076.0
345076.6361001439
345076.6361078295
345086.0
345086.6361001439
345086.6361078295
345096.0
345096.6361001439
345096.6361078295
345106.0
345106.6361001439
345106.6361078295
345116.0
345116.6361001439
345116.6361078295
345126.0
345128.1296066374
345128.129614323
345136.0
345137.2335027413
345137.23351042694
345137.23351811257
345137.2335257982
345137.2335334838
345137.23354116944
345146.0
345147.8309053387
345147.8309130243
345147.83092070994
345147.83092839556
345147.8309360812
345147.8309437668
345147.83095145243
345147.83095913805
345147.8309668237
345147.8309745093
345156.0
345157.8309053387
345157.8309130243
345157.83092070994
345157.83092839556
345157.8309360812
345157.8309437668
345157.83095145243
345157.83095913805
345157.8309668237
345157.8309745093
345166.0
345176.0
345176.2373988452
345176.2374065308
345186.0
345186.2373988452
345186.2374065308
345196.0
345196.2373988452
345196.2374065308
345206.0
345206.2373988452
345206.2374065308
345216.0
345226.0
345226.2373988452
345226.2374065308
345226.23741421645
345226.2374219021
345226.2374295877
345226.2374372733
345236.0
345236.2373988452
345236.2374065308
345246.0
345246.2373988452
345246.2374065308
345256.0
345266.0
345276.0
345286.0
345296.0
345306.0
345316.0
345326.0
345336.0
345346.0
345356.0
345366.0
345366.1230151477
345366.1230228333
345376.0
345386.0
345396.0
345406.0
345416.0
345426.0
345436.0
345446.0
345456.0
345466.0
345476.0
345486.0
345496.0
345506.0
345516.0
345526.0
345536.0
345546.0
345556.0
345566.0
345576.0
345586.0
345596.0
345606.0
345616.0
345626.0
345636.0
345646.0
345656.0
345666.0
345676.0
345686.0
345696.0
345706.0
345716.0
345726.0
345736.0
345746.0
345756.0
345766.0
345776.0
345786.0
345796.0
345806.0
345816.0
345826.0
349006.0
349006.6142600608
349006.6142677464
349016.0
349016.6601624254
349016.66017011105
349026.0
349027.8549983627
349027.85500604834
349036.0
349046.0
349046.35707768414
349046.35708536976
349056.0
349057.2575803941
349057.2575880797
349066.0
349075.9627905705
349075.96279825614
349076.0
349086.0
349086.31555876206
349086.3155664477
349096.0
349096.35707768414
349096.35708536976
349106.0
349116.0
349117.2575803941
349117.2575880797
349126.0
349136.0
349146.0
349156.0
349166.0
349176.0
349186.0
349196.0
349206.0
349216.0
349226.0
349236.0
349246.0
349256.0
349266.0
349276.0
349286.0
349296.0
349306.0
349316.0
349326.0
349336.0
349346.0
349356.0
349366.0
349376.0
349386.0
349396.0
349406.0
349416.0
349426.0
349436.0
349446.0
349456.0
349466.0
349476.0
349486.0
349496.0
349506.0
349516.0
349526.0
349536.0
349546.0
349556.0
349566.0
349576.0
349586.0
349596.0
349606.0
349616.0
349626.0
349636.0
349646.0
349656.0
349666.0
349676.0
349686.0
349696.0
352006.0
352016.0
352026.0
352036.0
352036.49091276596
352036.4909204516
352046.0
352046.49091276596
352046.4909204516
352056.0
352066.0
352066.49091276596
352066.4909204516
352076.0
352086.0
352086.49091276596
352086.4909204516
352096.0
352096.49091276596
352096.4909204516
352106.0
352106.49091276596
352106.4909204516
352116.0
352116.49091276596
352116.4909204516
352126.0
352127.9844346307
352127.98444231634
352136.0
352145.5841320509
352145.58413973654
352146.0
352147.9844346307
352147.98444231634
352147.98445000197
352147.9844576876
352147.9844653732
352147.98447305884
352156.0
352166.0
352166.7896140647
352166.7896217503
352176.0
352177.9844192595
352177.9844269451
352177.9844346307
352177.98444231634
352177.98445000197
352177.9844576876
352186.0
352189.1793013105
352189.1793089961
352189.17931668175
352189.1793243674
352189.179332053
352189.1793397386
352189.17934742424
352189.17935510987
352189.1793627955
352189.1793704811
352196.0
352197.68571796076
352197.6857256464
352197.685733332
352197.68574101763
352197.68574870325
352197.6857563889
352197.6857640745
352197.6857717601
352197.68577944575
352197.68578713137
352206.0
352206.49091276596
352206.4909204516
352216.0
352216.49091276596
352216.4909204516
352226.0
352226.49091276596
352226.4909204516
352236.0
352236.49091276596
352236.4909204516
352246.0
352246.49091276596
352246.4909204516
352256.0
352266.0
352276.0
352286.0
352296.0
352306.0
352316.0
352326.0
352336.0
352346.0
352356.0
352366.0
352376.0
352386.0
352396.0
352406.0
352416.0
352426.0
352436.0
352446.0
352456.0
352466.0
352476.0
352486.0
352496.0
352506.0
352516.0
352526.0
352536.0
352546.0
352556.0
352566.0
352576.0
352586.0
352596.0
352606.0
352616.0
352626.0
352636.0
352646.0
352656.0
352666.0
352676.0
352686.0
352696.0
352706.0
352716.0
352726.0
352736.0
352746.0
352756.0
352766.0
352776.0
352786.0
352796.0
352806.0
352816.0
352826.0
352836.0
352846.0
352856.0
352866.0
352876.0
352886.0
352896.0
352906.0
352916.0
352926.0
352936.0
352946.0
352956.0
352966.0
352976.0
352986.0
352996.0
353006.0
353016.0
353026.0
353036.0
353046.0
353056.0
353066.0
357006.0
357016.0
357017.2714018862
357017.2714095718
357017.27141725743
357017.27142494306
357026.0
357026.3973793749
357026.3973870605
357036.0
357045.3030537123
357045.3030613979
357046.0
357048.7869897645
357048.7869974501
357048.78700513573
357048.78701282135
357048.787020507
357048.7870281926
357048.7870358782
357048.78704356385
357048.78705124947
357048.7870589351
357056.0
357058.7869897645
357058.7869974501
357058.78700513573
357058.78701282135
357058.787020507
357058.7870281926
357058.7870358782
357058.78704356385
357058.78705124947
357058.7870589351
357066.0
357067.86880448356
357067.8688121692
357076.0
357076.3973793749
357076.3973870605
357086.0
357095.4399707508
357095.43997843645
357096.0
357096.67399928876
357096.6740069744
357106.0
357116.0
357116.3973793749
357116.3973870605
357126.0
357136.0
357146.0
357156.0
357166.0
357176.0
357186.0
357196.0
357206.0
357216.0
357226.0
357236.0
357246.0
357256.0
357266.0
357276.0
357286.0
357296.0
357306.0
357316.0
357326.0
357336.0
357346.0
357356.0
357366.0
357376.0
357386.0
357396.0
357406.0
357416.0
357426.0
357436.0
357446.0
357456.0
357466.0
357476.0
357486.0
357496.0
357506.0
357516.0
357526.0
357536.0
357546.0
357556.0
357566.0
357576.0
357586.0
357596.0
357606.0
357616.0
357626.0
357636.0
357646.0
357656.0
357666.0
357676.0
357686.0
357696.0
357706.0
357716.0
357726.0
357736.0
357746.0
357756.0
357766.0
357776.0
357786.0
357796.0
357806.0
357816.0
357826.0
357836.0
357846.0
357856.0
357866.0
357876.0
357886.0
357896.0
357906.0
357916.0
357926.0
357936.0
357946.0
357956.0
357966.0
357976.0
357986.0
357996.0
358006.0
358016.0
362006.0
362006.07862004254
362006.07862772816
362016.0
362016.07862004254
362016.07862772816
362025.9534427799
362025.9534504655
362026.0
362036.0
362036.07862004254
362036.07862772816
362046.0
362046.07862004254
362046.07862772816
362056.0
362056.03710112046
362056.0371088061
362066.0
362066.07862004254
362066.07862772816
362076.0
362085.63839982176
362085.6384075074
362086.0
362095.63839982176
362095.6384075074
362096.0
362096.29759476805
362096.2976024537
362106.0
362106.07862004254
362106.07862772816
362116.0
362126.0
362127.5924307054
362127.592438391
362136.0
362138.189848674
362138.1898563596
362138.18986404524
362138.18987173086
362138.1898794165
362138.1898871021
362146.0
362146.07862004254
362146.07862772816
362156.0
362156.03710112046
362156.0371088061
362166.0
362166.29759476805
362166.2976024537
362176.0
362176.07862004254
362176.07862772816
362185.994961702
362185.9949693876
362186.0
362196.0
362196.07862004254
362196.07862772816
362205.994961702
362205.9949693876
362206.0
362216.0
362216.07862004254
362216.07862772816
362226.0
362226.03710112046
362226.0371088061
362236.0
362236.03710112046
362236.0371088061
362245.994961702
362245.9949693876
362246.0
362256.0
362266.0
362276.0
362286.0
362296.0
362306.0
362316.0
362326.0
362336.0
362346.0
362356.0
362366.0
362376.0
362386.0
362396.0
362406.0
362416.0
362426.0
362436.0
362446.0
362456.0
362466.0
362476.0
362486.0
362496.0
362506.0
362516.0
362526.0
362536.0
362546.0
362556.0
362566.0
362576.0
362586.0
362596.0
362606.0
362616.0
362626.0
362636.0
362646.0
362656.0
362666.0
362676.0
362686.0
362696.0
362706.0
362716.0
362726.0
362736.0
362746.0
362756.0
362766.0
362776.0
362786.0
362796.0
362806.0
362816.0
362826.0
362836.0
362846.0
362856.0
362866.0
362876.0
362886.0
362896.0
362906.0
362916.0
362926.0
362936.0
362946.0
362956.0
362966.0
362976.0
362986.0
362996.0
363006.0
363016.0
363026.0
363036.0
363046.0
363056.0
363066.0
363076.0
363086.0
367004.62864182616
367004.6286495118
367006.0
367014.62864182616
367014.6286495118
367016.0
367024.62864182616
367024.6286495118
367026.0
367034.62864182616
367034.6286495118
367036.0
367044.62864182616
367044.6286495118
367046.0
367054.62864182616
367054.6286495118
367056.0
367064.35391927615
367064.3539269618
367066.0
367074.62864182616
367074.6286495118
367076.0
367084.62864182616
367084.6286495118
367084.6286571974
367084.628664883
367084.62867256865
367084.6286802543
367086.0
367094.62864182616
367094.6286495118
367094.6286571974
367094.628664883
367094.62867256865
367094.6286802543
367094.6286879399
367094.6286956255
367094.62870331114
367094.62871099677
367096.0
367104.62864182616
367104.6286495118
367104.6286571974
367104.628664883
367104.62867256865
367104.6286802543
367104.6286879399
367104.6286956255
367104.62870331114
367104.62871099677
367106.0
367114.62864182616
367114.6286495118
367114.6286571974
367114.628664883
367114.62867256865
367114.6286802543
367114.6286879399
367114.6286956255
367114.62870331114
367114.62871099677
367116.0
367125.2212207141
367125.2212283997
367125.22123608534
367125.22124377097
367125.2212514566
367125.2212591422
367125.22126682784
367125.22127451346
367125.2212821991
367125.2212898847
367126.0
367136.0
367146.0
367156.0
367166.0
367176.0
367186.0
367196.0
367206.0
367216.0
367226.0
367236.0
367246.0
367256.0
367266.0
367276.0
367286.0
367296.0
367306.0
367316.0
367326.0
367336.0
367346.0
367356.0
367366.0
367376.0
367386.0
367396.0
367406.0
367416.0
367426.0
367436.0
367446.0
367456.0
367466.0
367476.0
367486.0
367496.0
367506.0
367516.0
367526.0
367536.0
367546.0
367556.0
367566.0
367576.0
367586.0
367596.0
367606.0
367616.0
367626.0
367636.0
367646.0
367656.0
367666.0
367676.0
367686.0
367696.0
367706.0
367716.0
367726.0
367736.0
367746.0
367756.0
367766.0
367776.0
367786.0
367796.0
367806.0
367816.0
367826.0
367836.0
367846.0
367856.0
367866.0
367876.0
367886.0
367896.0
367906.0
367916.0
367926.0
367936.0
367946.0
367956.0
367966.0
367976.0
367986.0
367996.0
368006.0
368016.0
368026.0
99001.83746668776
99001.8374743734
99006.0
99016.0
99026.0
99036.0
99046.0
99056.0
99066.0
99076.0
99086.0
99096.0
99106.0
99116.0
99126.0
99136.0
99146.0
99156.0
99166.0
99176.0
99186.0
99196.0
99206.0
99216.0
99226.0
99236.0
99246.0
99256.0
99266.0
99276.0
99286.0
99296.0
99306.0
99316.0
99326.0
99336.0
99346.0
99356.0
99366.0
99376.0
99386.0
99396.0
99406.0
99416.0
99426.0
99436.0
99446.0
99456.0
99466.0
99476.0
99486.0
99496.0
99506.0
99516.0
99526.0
99536.0
99546.0
99556.0
99566.0
99576.0
99586.0
99596.0
99606.0
99616.0
99626.0
99636.0
99646.0
99656.0
99666.0
99676.0
99686.0
99696.0
99706.0
99716.0
99726.0
99736.0
99746.0
99756.0
99766.0
99776.0
99786.0
99796.0
99806.0
99816.0
99826.0
99836.0
99846.0
99856.0
99866.0
99876.0
99886.0
99896.0
99906.0
99916.0
99926.0
99936.0
99946.0
99956.0
99966.0
99976.0
99986.0
99996.0
100001.6589964289
100001.65900411454
100006.0
100016.0
100026.0
100036.0
100046.0
100050.6589964289
100050.65900411454
100056.0
100066.0
100076.0
100086.0
100096.0
100106.0
100116.0
100126.0
100136.0
100146.0
328005.20993742417
328005.2099451098
328006.0
328016.0
328016.0266480211
328016.02665570675
328026.0
328034.8112361255
328034.8112438111
328036.0
328036.0266480211
328036.02665570675
328045.1158259843
328045.1158336699
328046.0
328056.0
328056.0266480211
328056.02665570675
328066.0
328074.8112361255
328074.8112438111
328076.0
328076.0266480211
328076.02665570675
328085.20993742417
328085.2099451098
328086.0
328095.20993742417
328095.2099451098
328096.0
328105.1158259843
328105.1158336699
328106.0
328116.0
328126.0
328126.0266480211
328126.02665570675
328136.0
328146.0
328156.0
328166.0
328176.0
328186.0
328196.0
328206.0
328216.0
328226.0
328236.0
328246.0
328256.0
328266.0
328276.0
328286.0
328296.0
328306.0
328316.0
328326.0
328336.0
328346.0
328356.0
328366.0
328376.0
328386.0
328396.0
328406.0
328416.0
328426.0
328436.0
328446.0
328456.0
328466.0
328476.0
328486.0
328496.0
328506.0
328516.0
328526.0
328536.0
328546.0
328556.0
328566.0
328576.0
328586.0
328596.0
328606.0
328616.0
328626.0
328636.0
328646.0
328656.0
328666.0
328676.0
328686.0
328696.0
328706.0
328716.0
328726.0
328736.0
328746.0
328756.0
328766.0
328776.0
328786.0
328796.0
328806.0
328816.0
328826.0
328836.0
328846.0
328856.0
328866.0
328876.0
328886.0
328896.0
328906.0
328916.0
328926.0
328936.0
328946.0
328956.0
328966.0
328976.0
328986.0
328996.0
329006.0
329016.0
329026.0
329036.0
329046.0
333005.5301272693
333005.5301349549
333006.0
333015.5301272693
333015.5301349549
333016.0
333026.0
333032.729378322
333032.72938600765
333036.0
333045.5301272693
333045.5301349549
333046.0
333056.0
333064.15245748416
333064.1524651698
333066.0
333066.2275452379
333066.22755292355
333075.5301272693
333075.5301349549
333076.0
333086.0
333096.0
333105.5301272693
333105.5301349549
333106.0
333114.62441954087
333114.6244272265
333116.0
333126.0
333136.0
333146.0
333156.0
333166.0
333176.0
333186.0
333196.0
333206.0
333216.0
333226.0
333236.0
333246.0
333256.0
333266.0
333276.0
333286.0
333296.0
333306.0
333316.0
333326.0
333336.0
333346.0
333356.0
333366.0
333376.0
333386.0
333396.0
333406.0
333416.0
333426.0
333436.0
333446.0
333456.0
333466.0
333476.0
333486.0
333496.0
333506.0
333516.0
333526.0
333536.0
333546.0
333556.0
333566.0
333576.0
333586.0
333596.0
333606.0
333616.0
333626.0
333636.0
333646.0
333656.0
333666.0
333676.0
333686.0
333696.0
333706.0
333716.0
333726.0
333736.0
333746.0
333756.0
333766.0
333776.0
333786.0
333796.0
333806.0
333816.0
337006.0
337006.76790842466
337006.7679161103
337016.0
337016.79770133534
337016.79770902096
337026.0
337027.99250653014
337027.99251421576
337027.9925219014
337027.992529587
337027.9925372726
337027.99254495825
337036.0
337037.99250653014
337037.99251421576
337037.9925219014
337037.992529587
337037.9925372726
337037.99254495825
337046.0
337055.7611262622
337055.7611339478
337056.0
337057.99250653014
337057.99251421576
337057.9925219014
337057.992529587
337057.9925372726
337057.99254495825
337066.0
337069.18731172493
337069.18731941056
337069.1873270962
337069.1873347818
337069.1873424674
337069.18735015305
337069.1873578387
337069.1873655243
337069.1873732099
337069.18738089554
337076.0
337079.18731172493
337079.18731941056
337079.1873270962
337079.1873347818
337079.1873424674
337079.18735015305
337079.1873578387
337079.1873655243
337079.1873732099
337079.18738089554
337086.0
337089.18731172493
337089.18731941056
337089.1873270962
337089.1873347818
337089.1873424674
337089.18735015305
337089.1873578387
337089.1873655243
337089.1873732099
337089.18738089554
337096.0
337105.7611262622
337105.7611339478
337105.76114163344
337105.76114931906
337105.7611570047
337105.7611646903
337106.0
337107.99250653014
337107.99251421576
337107.9925219014
337107.992529587
337107.9925372726
337107.99254495825
337116.0
337125.0897400464
337125.08974773204
337125.08975541766
337125.0897631033
337125.0897707889
337125.08977847453
337126.0
337135.76114163344
337135.76114931906
337135.7611570047
337135.7611646903
337135.76117237593
337135.76118006156
337135.7611877472
337135.7611954328
337135.7612031184
337135.76121080405
337136.0
337139.18731172493
337139.18731941056
337139.1873270962
337139.1873347818
337139.1873424674
337139.18735015305
337139.1873578387
337139.1873655243
337139.1873732099
337139.18738089554
337146.0
337149.18731172493
337149.18731941056
337149.1873270962
337149.1873347818
337149.1873424674
337149.18735015305
337149.1873578387
337149.1873655243
337149.1873732099
337149.18738089554
337156.0
337157.6937898602
337157.6937975458
337157.6938052314
337157.69381291704
337157.69382060267
337157.6938282883
337157.6938359739
337157.69384365954
337157.69385134516
337157.6938590308
337166.0
337167.6937898602
337167.6937975458
337167.6938052314
337167.69381291704
337167.69382060267
337167.6938282883
337167.6938359739
337167.69384365954
337167.69385134516
337167.6938590308
337176.0
337186.0
337196.0
337196.79770133534
337196.79770902096
337206.0
337207.99250653014
337207.99251421576
337207.9925219014
337207.992529587
337207.9925372726
337207.99254495825
337216.0
337219.18731172493
337219.18731941056
337219.1873270962
337219.1873347818
337219.1873424674
337219.18735015305
337219.1873578387
337219.1873655243
337219.1873732099
337219.18738089554
337226.0
337236.0
337236.79770133534
337236.79770902096
337246.0
337247.99250653014
337247.99251421576
337247.9925219014
337247.992529587
337247.9925372726
337247.99254495825
337256.0
337266.0
337276.0
337286.0
337296.0
337306.0
337316.0
337326.0
337336.0
337346.0
337356.0
337366.0
337376.0
337386.0
337396.0
337406.0
337416.0
337426.0
337436.0
337446.0
337456.0
337466.0
337476.0
337486.0
337496.0
337506.0
337516.0
337526.0
337536.0
337546.0
337556.0
337566.0
337576.0
337586.0
337596.0
337606.0
337616.0
337626.0
337636.0
337646.0
337656.0
337666.0
337676.0
337686.0
337696.0
337706.0
337716.0
337726.0
337736.0
337746.0
337756.0
337766.0
337776.0
337786.0
337796.0
337806.0
337816.0
337826.0
337836.0
337846.0
337856.0
341005.4337991185
341005.4338068041
341006.0
341015.4337991185
341015.4338068041
341016.0
341025.4337991185
341025.4338068041
341026.0
341035.4337991185
341035.4338068041
341036.0
341046.0
341055.4337991185
341055.4338068041
341056.0
341066.0
341075.0350978198
341075.03510550543
341075.76005051757
341075.7600582032
341076.0
341086.0
341095.76005051757
341095.7600582032
341096.0
341105.4337991185
341105.4338068041
341106.0
341115.4337991185
341115.4338068041
341116.0
341125.4337991185
341125.4338068041
341126.0
341136.0
341146.0
341156.0
341166.0
341176.0
341186.0
341196.0
341206.0
341216.0
341226.0
341236.0
341246.0
341256.0
341266.0
341276.0
341286.0
341296.0
341306.0
341316.0
341326.0
341336.0
341346.0
341356.0
341366.0
341376.0
341386.0
341396.0
341406.0
341416.0
341426.0
341436.0
341446.0
341456.0
341466.0
341476.0
341486.0
341496.0
341506.0
341516.0
341524.45716264425
341524.4571703299
341526.0
341536.0
341546.0
341556.0
341566.0
341573.45716264425
341573.4571703299
341576.0
341586.0
341596.0
341606.0
341616.0
341626.0
341636.0
341646.0
341656.0
341666.0
341676.0
341686.0
341696.0
341706.0
341716.0
341726.0
341736.0
341746.0
341756.0
341766.0
341776.0
341786.0
341796.0
341806.0
341816.0
341826.0
341836.0
341846.0
341856.0
341866.0
341876.0
341886.0
341896.0
341906.0
341916.0
341926.0
341936.0
341946.0
341956.0
341966.0
341976.0
345006.0
345016.0
345016.6361001439
345016.6361078295
345026.0
345026.6361001439
345026.6361078295
345036.0
345036.6361001439
345036.6361078295
345046.0
345046.6361001439
345046.6361078295
345056.0
345056.6361001439
345056.6361078295
345066.0
345066.6361001439
345066.6361078295
345076.0
345076.6361001439
345076.6361078295
345086.0
345086.6361001439
345086.6361078295
345096.0
345096.6361001439
345096.6361078295
345106.0
345106.6361001439
345106.6361078295
345116.0
345116.6361001439
345116.6361078295
345126.0
345128.1296066374
345128.129614323
345136.0
345146.0
345146.2373988452
345146.2374065308
345156.0
345156.2373988452
345156.2374065308
345166.0
345166.2373988452
345166.2374065308
345166.23741421645
345166.2374219021
345166.2374295877
345166.2374372733
345176.0
345176.2373988452
345176.2374065308
345176.23741421645
345176.2374219021
345176.2374295877
345176.2374372733
345186.0
345186.2373988452
345186.2374065308
345186.23741421645
345186.2374219021
345186.2374295877
345186.2374372733
345186.23744495894
345186.23745264456
345186.2374603302
345186.2374680158
345196.0
345206.0
345206.2373988452
345206.2374065308
345216.0
345216.2373988452
345216.2374065308
345226.0
345226.2373988452
345226.2374065308
345236.0
345236.2373988452
345236.2374065308
345246.0
345246.2373988452
345246.2374065308
345256.0
345266.0
345276.0
345286.0
345296.0
345306.0
345316.0
345326.0
345336.0
345346.0
345356.0
345356.1230151477
345356.1230228333
345366.0
345376.0
345386.0
345396.0
345406.0
345416.0
345426.0
345436.0
345446.0
345456.0
345466.0
345476.0
345486.0
345496.0
345506.0
345516.0
345526.0
345536.0
345546.0
345556.0
345566.0
345576.0
345586.0
345596.0
345606.0
345616.0
345626.0
345636.0
345646.0
345656.0
345666.0
345676.0
345686.0
345696.0
345706.0
345716.0
345726.0
345736.0
345746.0
345756.0
345766.0
345776.0
345786.0
345796.0
345806.0
345816.0
345826.0
349006.0
349007.8549983627
349007.85500604834
349016.0
349017.8549983627
349017.85500604834
349026.0
349027.8549983627
349027.85500604834
349036.0
349039.0498343
349039.04984198563
349046.0
349056.0
349056.6601624254
349056.66017011105
349066.0
349069.0498035575
349069.04981124314
349076.0
349079.0498343
349079.04984198563
349086.0
349089.0498343
349089.04984198563
349096.0
349096.9129613595
349096.9129690451
349096.91297673073
349096.91298441635
349096.912992102
349096.9129997876
349106.0
349115.91685746337
349115.916865149
349115.9168728346
349115.91688052024
349115.91688820586
349115.9168958915
349115.9169035771
349115.9169112627
349115.91691894835
349115.916926634
349116.0
349117.8549983627
349117.85500604834
349126.0
349129.0498343
349129.04984198563
349136.0
349146.0
349156.0
349166.0
349176.0
349186.0
349196.0
349206.0
349216.0
349226.0
349236.0
349246.0
349256.0
349266.0
349276.0
349286.0
349296.0
349306.0
349316.0
349326.0
349336.0
349346.0
349356.0
349366.0
349376.0
349386.0
349396.0
349406.0
349416.0
349426.0
349436.0
349446.0
349456.0
349466.0
349476.0
349486.0
349496.0
349506.0
349516.0
349526.0
349536.0
349546.0
349556.0
349566.0
349576.0
349586.0
349596.0
349606.0
349616.0
349626.0
349636.0
349646.0
349656.0
349666.0
349676.0
349686.0
349696.0
352006.0
352006.49091276596
352006.4909204516
352016.0
352026.0
352026.49091276596
352026.4909204516
352036.0
352036.49091276596
352036.4909204516
352046.0
352046.49091276596
352046.4909204516
352056.0
352056.49091276596
352056.4909204516
352066.0
352066.49091276596
352066.4909204516
352076.0
352076.49091276596
352076.4909204516
352086.0
352086.49091276596
352086.4909204516
352096.0
352096.49091276596
352096.4909204516
352106.0
352106.49091276596
352106.4909204516
352116.0
352116.49091276596
352116.4909204516
352126.0
352127.9844346307
352127.98444231634
352136.0
352145.5841320509
352145.58413973654
352146.0
352147.9844346307
352147.98444231634
352147.98445000197
352147.9844576876
352147.9844653732
352147.98447305884
352156.0
352159.1792398255
352159.17924751114
352159.17925519677
352159.1792628824
352159.179270568
352159.17927825364
352159.17928593926
352159.1792936249
352159.1793013105
352159.1793089961
352166.0
352169.179270568
352169.17927825364
352169.17928593926
352169.1792936249
352169.1793013105
352169.1793089961
352169.17931668175
352169.1793243674
352169.179332053
352169.1793397386
352176.0
352179.1793013105
352179.1793089961
352179.17931668175
352179.1793243674
352179.179332053
352179.1793397386
352179.17934742424
352179.17935510987
352179.1793627955
352179.1793704811
352186.0
352189.1793013105
352189.1793089961
352189.17931668175
352189.1793243674
352189.179332053
352189.1793397386
352189.17934742424
352189.17935510987
352189.1793627955
352189.1793704811
352196.0
352206.0
352206.7896140647
352206.7896217503
352216.0
352225.5841320509
352225.58413973654
352226.0
352227.9844653732
352227.98447305884
352227.98448074446
352227.9844884301
352227.9844961157
352227.98450380133
352236.0
352239.1792398255
352239.17924751114
352239.17925519677
352239.1792628824
352239.179270568
352239.17927825364
352239.17928593926
352239.1792936249
352239.1793013105
352239.1793089961
352246.0
352249.179270568
352249.17927825364
352249.17928593926
352249.1792936249
352249.1793013105
352249.1793089961
352249.17931668175
352249.1793243674
352249.179332053
352249.1793397386
352256.0
352266.0
352276.0
352286.0
352296.0
352306.0
352316.0
352326.0
352336.0
352346.0
352356.0
352366.0
352376.0
352386.0
352396.0
352406.0
352416.0
352426.0
352436.0
352446.0
352456.0
352466.0
352476.0
352486.0
352496.0
352506.0
352516.0
352526.0
352536.0
352546.0
352556.0
352566.0
352576.0
352586.0
352596.0
352606.0
352616.0
352626.0
352636.0
352646.0
352656.0
352666.0
352676.0
352686.0
352696.0
352706.0
352716.0
352726.0
352736.0
352746.0
352756.0
352766.0
352776.0
352786.0
352796.0
352806.0
352816.0
352826.0
352836.0
352846.0
352856.0
352866.0
352876.0
352886.0
352896.0
352906.0
352916.0
352926.0
352936.0
352946.0
352956.0
352966.0
352976.0
352986.0
352996.0
353006.0
353016.0
353026.0
353036.0
353046.0
353056.0
353066.0
357006.0
357006.3752826188
357006.3752903044
357016.0
357016.3973793749
357016.3973870605
357026.0
357026.3752826188
357026.3752903044
357036.0
357036.3973793749
357036.3973870605
357046.0
357055.3030537123
357055.3030613979
357056.0
357066.0
357067.59216919844
357067.59217688406
357076.0
357076.3973793749
357076.3973870605
357086.0
357086.3752826188
357086.3752903044
357096.0
357096.3973793749
357096.3973870605
357106.0
357107.5921845697
357107.5921922553
357107.59219994093
357107.59220762656
357107.5922153122
357107.5922229978
357116.0
357126.0
357126.3973793749
357126.3973870605
357136.0
357146.0
357156.0
357166.0
357176.0
357186.0
357196.0
357206.0
357216.0
357226.0
357236.0
357246.0
357256.0
357266.0
357276.0
357286.0
357296.0
357306.0
357316.0
357326.0
357336.0
357346.0
357356.0
357366.0
357376.0
357386.0
357396.0
357406.0
357416.0
357426.0
357436.0
357446.0
357456.0
357466.0
357476.0
357486.0
357496.0
357506.0
357516.0
357526.0
357536.0
357546.0
357556.0
357566.0
357576.0
357586.0
357596.0
357606.0
357616.0
357626.0
357636.0
357646.0
357656.0
357666.0
357676.0
357686.0
357696.0
357706.0
357716.0
357726.0
357736.0
357746.0
357756.0
357766.0
357776.0
357786.0
357796.0
357806.0
357816.0
357826.0
357836.0
357846.0
357856.0
357866.0
357876.0
357886.0
357896.0
357906.0
357916.0
357926.0
357936.0
357946.0
357956.0
357966.0
357976.0
357986.0
357996.0
358006.0
358016.0
362006.0
362006.07862004254
362006.07862772816
362016.0
362016.2936630007
362016.2936706863
362025.9534427799
362025.9534504655
362026.0
362035.994961702
362035.9949693876
362036.0
362046.0
362046.37732134125
362046.3773290269
362056.0
362065.9534427799
362065.9534504655
362066.0
362075.994961702
362075.9949693876
362076.0
362086.0
362086.07862004254
362086.07862772816
362095.994961702
362095.9949693876
362096.0
362106.0
362116.0
362116.29759476805
362116.2976024537
362126.0
362127.57212653605
362127.5721342217
362136.0
362146.0
362155.63839982176
362155.6384075074
362155.638415193
362155.63842287863
362156.0
362156.29759476805
362156.2976024537
362166.0
362166.03710112046
362166.0371088061
362176.0
362176.07862004254
362176.07862772816
362186.0
362186.03710112046
362186.0371088061
362196.0
362196.07862004254
362196.07862772816
362206.0
362206.37732134125
362206.3773290269
362215.994961702
362215.9949693876
362216.0
362225.9534427799
362225.9534504655
362226.0
362235.9534427799
362235.9534504655
362236.0
362246.0
362246.03710112046
362246.0371088061
362256.0
362266.0
362276.0
362286.0
362296.0
362306.0
362316.0
362326.0
362336.0
362346.0
362356.0
362366.0
362376.0
362386.0
362396.0
362406.0
362416.0
362426.0
362436.0
362446.0
362456.0
362466.0
362476.0
362486.0
362496.0
362506.0
362516.0
362526.0
362536.0
362546.0
362556.0
362566.0
362576.0
362586.0
362596.0
362606.0
362616.0
362626.0
362636.0
362646.0
362656.0
362666.0
362676.0
362686.0
362696.0
362706.0
362716.0
362726.0
362736.0
362746.0
362756.0
362766.0
362776.0
362786.0
362796.0
362806.0
362816.0
362826.0
362836.0
362846.0
362856.0
362866.0
362876.0
362886.0
362896.0
362906.0
362916.0
362926.0
362936.0
362946.0
362956.0
362966.0
362976.0
362986.0
362996.0
363006.0
363016.0
363026.0
363036.0
363046.0
363056.0
363066.0
363076.0
363086.0
367004.62864182616
367004.6286495118
367006.0
367014.62864182616
367014.6286495118
367016.0
367024.62864182616
367024.6286495118
367026.0
367034.62864182616
367034.6286495118
367036.0
367044.62864182616
367044.6286495118
367046.0
367054.62864182616
367054.6286495118
367056.0
367064.35391927615
367064.3539269618
367066.0
367074.62864182616
367074.6286495118
367076.0
367084.62864182616
367084.6286495118
367086.0
367094.62864182616
367094.6286495118
367094.6286571974
367094.628664883
367094.62867256865
367094.6286802543
367096.0
367104.62864182616
367104.6286495118
367104.6286571974
367104.628664883
367104.62867256865
367104.6286802543
367104.6286879399
367104.6286956255
367104.62870331114
367104.62871099677
367106.0
367114.62864182616
367114.6286495118
367114.6286571974
367114.628664883
367114.62867256865
367114.6286802543
367114.6286879399
367114.6286956255
367114.62870331114
367114.62871099677
367116.0
367124.62864182616
367124.6286495118
367124.6286571974
367124.628664883
367124.62867256865
367124.6286802543
367124.6286879399
367124.6286956255
367124.62870331114
367124.62871099677
367126.0
367135.2212207141
367135.2212283997
367135.22123608534
367135.22124377097
367135.2212514566
367135.2212591422
367135.22126682784
367135.22127451346
367135.2212821991
367135.2212898847
367136.0
367146.0
367156.0
367166.0
367176.0
367186.0
367196.0
367206.0
367216.0
367226.0
367236.0
367246.0
367256.0
367266.0
367276.0
367286.0
367296.0
367306.0
367316.0
367326.0
367336.0
367346.0
367356.0
367366.0
367376.0
367386.0
367396.0
367406.0
367416.0
367426.0
367436.0
367446.0
367456.0
367466.0
367476.0
367486.0
367496.0
367506.0
367516.0
367526.0
367536.0
367546.0
367556.0
367566.0
367576.0
367586.0
367596.0
367606.0
367616.0
367626.0
367636.0
367646.0
367656.0
367666.0
367676.0
367686.0
367696.0
367706.0
367716.0
367726.0
367736.0
367746.0
367756.0
367766.0
367776.0
367786.0
367796.0
367806.0
367816.0
367826.0
367836.0
367846.0
367856.0
367866.0
367876.0
367886.0
367896.0
367906.0
367916.0
367926.0
367936.0
367946.0
367956.0
367966.0
367976.0
367986.0
367996.0
368006.0
368016.0
368026.0
99002.13618335774
99002.13619104338
99006.0
99016.0
99026.0
99036.0
99046.0
99056.0
99066.0
99076.0
99086.0
99096.0
99106.0
99116.0
99126.0
99136.0
99146.0
99156.0
99166.0
99176.0
99186.0
99196.0
99206.0
99216.0
99226.0
99236.0
99246.0
99256.0
99266.0
99276.0
99286.0
99296.0
99306.0
99316.0
99326.0
99336.0
99346.0
99356.0
99366.0
99376.0
99386.0
99396.0
99406.0
99416.0
99426.0
99436.0
99446.0
99456.0
99466.0
99476.0
99486.0
99496.0
99506.0
99516.0
99526.0
99536.0
99546.0
99556.0
99566.0
99576.0
99586.0
99596.0
99606.0
99616.0
99626.0
99636.0
99646.0
99656.0
99666.0
99676.0
99686.0
99696.0
99706.0
99716.0
99726.0
99736.0
99746.0
99756.0
99766.0
99776.0
99786.0
99796.0
99806.0
99816.0
99826.0
99836.0
99846.0
99856.0
99866.0
99876.0
99886.0
99896.0
99906.0
99916.0
99926.0
99936.0
99946.0
99956.0
99966.0
99976.0
99986.0
99996.0
100001.6589964289
100001.65900411454
100006.0
100016.0
100026.0
100036.0
100046.0
100050.6589964289
100050.65900411454
100056.0
100066.0
100076.0
100086.0
100096.0
100106.0
100116.0
100126.0
100136.0
100146.0
328006.0
328014.8112822392
328014.81128992484
328016.0
328024.71714005683
328024.71714774246
328025.414527283
328025.4145349686
328026.0
328036.0
328036.0266480211
328036.02665570675
328046.0
328054.8112361255
328054.8112438111
328056.0
328056.0266480211
328056.02665570675
328066.0
328075.7531125396
328075.7531202252
328076.0
328086.0
328086.0266480211
328086.02665570675
328096.0
328105.7531432821
328105.7531509677
328106.0
328116.0
328116.0266480211
328116.02665570675
328125.1158259843
328125.1158336699
328126.0
328136.0
328146.0
328156.0
328166.0
328176.0
328186.0
328196.0
328206.0
328216.0
328226.0
328236.0
328246.0
328256.0
328266.0
328276.0
328286.0
328296.0
328306.0
328316.0
328326.0
328336.0
328346.0
328356.0
328366.0
328376.0
328386.0
328396.0
328406.0
328416.0
328426.0
328436.0
328446.0
328456.0
328466.0
328476.0
328486.0
328496.0
328506.0
328516.0
328526.0
328536.0
328546.0
328556.0
328566.0
328576.0
328586.0
328596.0
328606.0
328616.0
328626.0
328636.0
328646.0
328656.0
328666.0
328676.0
328686.0
328696.0
328706.0
328716.0
328726.0
328736.0
328746.0
328756.0
328766.0
328776.0
328786.0
328796.0
328806.0
328816.0
328826.0
328836.0
328846.0
328856.0
328866.0
328876.0
328886.0
328896.0
328906.0
328916.0
328926.0
328936.0
328946.0
328956.0
328966.0
328976.0
328986.0
328996.0
329006.0
329016.0
329026.0
329036.0
329046.0
333005.5301272693
333005.5301349549
333006.0
333015.5301272693
333015.5301349549
333016.0
333025.5301272693
333025.5301349549
333026.0
333035.5301272693
333035.5301349549
333036.0
333046.0
333052.729378322
333052.72938600765
333055.5301272693
333055.5301349549
333056.0
333066.0
333066.2275452379
333066.22755292355
333075.5301272693
333075.5301349549
333076.0
333085.5301272693
333085.5301349549
333086.0
333096.0
333106.0
333114.2257182422
333114.2257259278
333115.40936780826
333115.4093754939
333116.0
333126.0
333135.5301272693
333135.5301349549
333136.0
333146.0
333156.0
333166.0
333176.0
333186.0
333196.0
333206.0
333216.0
333226.0
333236.0
333246.0
333256.0
333266.0
333276.0
333286.0
333296.0
333306.0
333316.0
333326.0
333336.0
333346.0
333356.0
333366.0
333376.0
333386.0
333396.0
333406.0
333416.0
333426.0
333436.0
333446.0
333456.0
333466.0
333476.0
333486.0
333496.0
333506.0
333516.0
333526.0
333536.0
333546.0
333556.0
333566.0
333576.0
333586.0
333596.0
333606.0
333616.0
333626.0
333636.0
333646.0
333656.0
333666.0
333676.0
333686.0
333696.0
333706.0
333716.0
333726.0
333736.0
333746.0
333756.0
333766.0
333776.0
333786.0
333796.0
333806.0
333816.0
337006.0
337006.76790842466
337006.7679161103
337016.0
337016.79770133534
337016.79770902096
337026.0
337035.76114163344
337035.76114931906
337036.0
337045.76114163344
337045.76114931906
337045.7611570047
337045.7611646903
337045.76117237593
337045.76118006156
337046.0
337049.18731172493
337049.18731941056
337049.1873270962
337049.1873347818
337049.1873424674
337049.18735015305
337049.1873578387
337049.1873655243
337049.1873732099
337049.18738089554
337056.0
337059.18731172493
337059.18731941056
337059.1873270962
337059.1873347818
337059.1873424674
337059.18735015305
337059.1873578387
337059.1873655243
337059.1873732099
337059.18738089554
337066.0
337069.18731172493
337069.18731941056
337069.1873270962
337069.1873347818
337069.1873424674
337069.18735015305
337069.1873578387
337069.1873655243
337069.1873732099
337069.18738089554
337076.0
337079.18731172493
337079.18731941056
337079.1873270962
337079.1873347818
337079.1873424674
337079.18735015305
337079.1873578387
337079.1873655243
337079.1873732099
337079.18738089554
337086.0
337089.18731172493
337089.18731941056
337089.1873270962
337089.1873347818
337089.1873424674
337089.18735015305
337089.1873578387
337089.1873655243
337089.1873732099
337089.18738089554
337096.0
337099.18731172493
337099.18731941056
337099.1873270962
337099.1873347818
337099.1873424674
337099.18735015305
337099.1873578387
337099.1873655243
337099.1873732099
337099.18738089554
337106.0
337115.7611262622
337115.7611339478
337115.76114163344
337115.76114931906
337115.7611570047
337115.7611646903
337115.76117237593
337115.76118006156
337115.7611877472
337115.7611954328
337116.0
337119.18731172493
337119.18731941056
337119.1873270962
337119.1873347818
337119.1873424674
337119.18735015305
337119.1873578387
337119.1873655243
337119.1873732099
337119.18738089554
337126.0
337136.0
337136.10029873793
337136.10030642356
337136.1003141092
337136.1003217948
337136.1003294804
337136.10033716605
337136.1003448517
337136.1003525373
337136.1003602229
337136.10036790854
337139.1872963537
337139.1873040393
337139.18731172493
337139.18731941056
337139.1873270962
337139.1873347818
337139.1873424674
337139.18735015305
337139.1873578387
337139.1873655243
337146.0
337149.18731172493
337149.18731941056
337149.1873270962
337149.1873347818
337149.1873424674
337149.18735015305
337149.1873578387
337149.1873655243
337149.1873732099
337149.18738089554
337156.0
337159.18731172493
337159.18731941056
337159.1873270962
337159.1873347818
337159.1873424674
337159.18735015305
337159.1873578387
337159.1873655243
337159.1873732099
337159.18738089554
337166.0
337169.18731172493
337169.18731941056
337169.1873270962
337169.1873347818
337169.1873424674
337169.18735015305
337169.1873578387
337169.1873655243
337169.1873732099
337169.18738089554
337176.0
337178.4885060504
337178.488513736
337186.0
337187.0963872628
337187.0963949484
337187.09640263405
337187.0964103197
337187.0964180053
337187.0964256909
337196.0
337197.99250653014
337197.99251421576
337197.9925219014
337197.992529587
337197.9925372726
337197.99254495825
337206.0
337207.99250653014
337207.99251421576
337207.9925219014
337207.992529587
337207.9925372726
337207.99254495825
337216.0
337226.0
337226.79770133534
337226.79770902096
337236.0
337236.47850857105
337236.47851625667
337246.0
337246.4989846654
337246.498992351
337256.0
337266.0
337276.0
337286.0
337296.0
337306.0
337316.0
337326.0
337336.0
337346.0
337356.0
337366.0
337376.0
337386.0
337396.0
337406.0
337416.0
337426.0
337436.0
337446.0
337456.0
337466.0
337476.0
337486.0
337496.0
337506.0
337516.0
337526.0
337536.0
337546.0
337556.0
337566.0
337576.0
337586.0
337596.0
337606.0
337616.0
337626.0
337636.0
337646.0
337656.0
337666.0
337676.0
337686.0
337696.0
337706.0
337716.0
337726.0
337736.0
337746.0
337756.0
337766.0
337776.0
337786.0
337796.0
337806.0
337816.0
337826.0
337836.0
337846.0
337856.0
341005.4337991185
341005.4338068041
341006.0
341015.4337991185
341015.4338068041
341016.0
341025.4337991185
341025.4338068041
341026.0
341035.4337991185
341035.4338068041
341036.0
341045.4337991185
341045.4338068041
341046.0
341055.4337991185
341055.4338068041
341056.0
341066.0
341075.0350978198
341075.03510550543
341075.76005051757
341075.7600582032
341076.0
341085.76005051757
341085.7600582032
341086.0
341096.0
341096.03120171593
341096.03120940155
341096.0312170872
341096.0312247728
341096.0312324584
341096.03124014405
341106.0
341115.4337991185
341115.4338068041
341116.0
341125.4337991185
341125.4338068041
341126.0
341136.0
341146.0
341156.0
341166.0
341176.0
341186.0
341196.0
341206.0
341216.0
341226.0
341236.0
341246.0
341256.0
341266.0
341276.0
341286.0
341296.0
341306.0
341316.0
341326.0
341336.0
341346.0
341356.0
341366.0
341376.0
341386.0
341396.0
341406.0
341416.0
341426.0
341436.0
341446.0
341456.0
341466.0
341476.0
341486.0
341496.0
341506.0
341516.0
341524.45716264425
341524.4571703299
341526.0
341536.0
341546.0
341556.0
341566.0
341573.45716264425
341573.4571703299
341576.0
341586.0
341596.0
341606.0
341616.0
341626.0
341636.0
341646.0
341656.0
341666.0
341676.0
341686.0
341696.0
341706.0
341716.0
341726.0
341736.0
341746.0
341756.0
341766.0
341776.0
341786.0
341796.0
341806.0
341816.0
341826.0
341836.0
341846.0
341856.0
341866.0
341876.0
341886.0
341896.0
341906.0
341916.0
341926.0
341936.0
341946.0
341956.0
341966.0
341976.0
345006.0
345016.0
345026.0
345026.6361001439
345026.6361078295
345036.0
345036.6361001439
345036.6361078295
345046.0
345046.6361001439
345046.6361078295
345056.0
345056.6361001439
345056.6361078295
345066.0
345066.6361001439
345066.6361078295
345076.0
345076.6361001439
345076.6361078295
345086.0
345086.6361001439
345086.6361078295
345096.0
345096.6361001439
345096.6361078295
345106.0
345106.6361001439
345106.6361078295
345116.0
345116.6361001439
345116.6361078295
345126.0
345128.1296066374
345128.129614323
345136.0
345146.0
345146.2373988452
345146.2374065308
345156.0
345156.2373988452
345156.2374065308
345156.23741421645
345156.2374219021
345156.2374295877
345156.2374372733
345166.0
345166.2373988452
345166.2374065308
345166.23741421645
345166.2374219021
345166.2374295877
345166.2374372733
345166.23744495894
345166.23745264456
345166.2374603302
345166.2374680158
345176.0
345176.2373988452
345176.2374065308
345176.23741421645
345176.2374219021
345176.2374295877
345176.2374372733
345176.23744495894
345176.23745264456
345176.2374603302
345176.2374680158
345186.0
345186.2373988452
345186.2374065308
345186.23741421645
345186.2374219021
345186.2374295877
345186.2374372733
345186.23744495894
345186.23745264456
345186.2374603302
345186.2374680158
345196.0
345196.2373988452
345196.2374065308
345196.23741421645
345196.2374219021
345196.2374295877
345196.2374372733
345196.23744495894
345196.23745264456
345196.2374603302
345196.2374680158
345206.0
345206.2373988452
345206.2374065308
345206.23741421645
345206.2374219021
345206.2374295877
345206.2374372733
345206.23744495894
345206.23745264456
345206.2374603302
345206.2374680158
345216.0
345216.2373988452
345216.2374065308
345216.23741421645
345216.2374219021
345216.2374295877
345216.2374372733
345216.23744495894
345216.23745264456
345216.2374603302
345216.2374680158
345226.0
345226.2373988452
345226.2374065308
345226.23741421645
345226.2374219021
345226.2374295877
345226.2374372733
345226.23744495894
345226.23745264456
345226.2374603302
345226.2374680158
345236.0
345236.2373988452
345236.2374065308
345236.23741421645
345236.2374219021
345236.2374295877
345236.2374372733
345236.23744495894
345236.23745264456
345236.2374603302
345236.2374680158
345246.0
345246.2373988452
345246.2374065308
345246.23741421645
345246.2374219021
345246.2374295877
345246.2374372733
345246.23744495894
345246.23745264456
345246.2374603302
345246.2374680158
345256.0
345266.0
345276.0
345286.0
345296.0
345306.0
345316.0
345326.0
345336.0
345346.0
345356.0
345356.1230151477
345356.1230228333
345356.12303051894
345356.12303820456
345356.1230458902
345356.1230535758
345356.12306126143
345356.12306894705
345356.1230766327
345356.1230843183
345366.0
345376.0
345386.0
345396.0
345406.0
345416.0
345426.0
345436.0
345446.0
345456.0
345466.0
345476.0
345486.0
345496.0
345506.0
345516.0
345526.0
345536.0
345546.0
345556.0
345566.0
345576.0
345586.0
345596.0
345606.0
345616.0
345626.0
345636.0
345646.0
345656.0
345666.0
345676.0
345686.0
345696.0
345706.0
345716.0
345726.0
345736.0
345746.0
345756.0
345766.0
345776.0
345786.0
345796.0
345806.0
345816.0
345826.0
349006.0
349009.0498343
349009.04984198563
349016.0
349026.0
349027.8549983627
349027.85500604834
349036.0
349039.0498343
349039.04984198563
349046.0
349046.35707768414
349046.35708536976
349056.0
349056.6601624254
349056.66017011105
349066.0
349075.9168728346
349075.91688052024
349076.0
349085.9169035771
349085.9169112627
349086.0
349089.0498343
349089.04984198563
349096.0
349099.0498343
349099.04984198563
349106.0
349109.0498343
349109.04984198563
349116.0
349119.0498343
349119.04984198563
349126.0
349129.0498343
349129.04984198563
349136.0
349146.0
349156.0
349166.0
349176.0
349186.0
349196.0
349206.0
349216.0
349226.0
349236.0
349246.0
349256.0
349266.0
349276.0
349286.0
349296.0
349306.0
349316.0
349326.0
349336.0
349346.0
349356.0
349366.0
349376.0
349386.0
349396.0
349406.0
349416.0
349426.0
349436.0
349446.0
349456.0
349466.0
349476.0
349486.0
349496.0
349506.0
349516.0
349526.0
349536.0
349546.0
349556.0
349566.0
349576.0
349586.0
349596.0
349606.0
349616.0
349626.0
349636.0
349646.0
349656.0
349666.0
349676.0
349686.0
349696.0
352006.0
352006.49091276596
352006.4909204516
352016.0
352026.0
352026.49091276596
352026.4909204516
352036.0
352046.0
352046.49091276596
352046.4909204516
352056.0
352056.49091276596
352056.4909204516
352066.0
352066.49091276596
352066.4909204516
352076.0
352076.49091276596
352076.4909204516
352086.0
352086.49091276596
352086.4909204516
352096.0
352096.49091276596
352096.4909204516
352106.0
352106.49091276596
352106.4909204516
352116.0
352116.49091276596
352116.4909204516
352126.0
352127.9844346307
352127.98444231634
352136.0
352137.0883153634
352137.088323049
352137.08833073464
352137.08833842026
352137.0883461059
352137.0883537915
352146.0
352147.0883153634
352147.088323049
352147.08833073464
352147.08833842026
352147.0883461059
352147.0883537915
352156.0
352157.0883153634
352157.088323049
352157.08833073464
352157.08833842026
352157.0883461059
352157.0883537915
352166.0
352176.0
352176.49091276596
352176.4909204516
352186.0
352186.49091276596
352186.4909204516
352196.0
352196.49091276596
352196.4909204516
352206.0
352206.49091276596
352206.4909204516
352216.0
352216.49091276596
352216.4909204516
352226.0
352226.49091276596
352226.4909204516
352236.0
352236.49091276596
352236.4909204516
352246.0
352246.49091276596
352246.4909204516
352256.0
352266.0
352276.0
352286.0
352296.0
352306.0
352316.0
352326.0
352336.0
352346.0
352356.0
352366.0
352376.0
352386.0
352396.0
352406.0
352416.0
352426.0
352436.0
352446.0
352456.0
352466.0
352476.0
352486.0
352496.0
352506.0
352516.0
352526.0
352536.0
352546.0
352556.0
352566.0
352576.0
352586.0
352596.0
352606.0
352616.0
352626.0
352636.0
352646.0
352656.0
352666.0
352676.0
352686.0
352696.0
352706.0
352716.0
352726.0
352736.0
352746.0
352756.0
352766.0
352776.0
352786.0
352796.0
352806.0
352816.0
352826.0
352836.0
352846.0
352856.0
352866.0
352876.0
352886.0
352896.0
352906.0
352916.0
352926.0
352936.0
352946.0
352956.0
352966.0
352976.0
352986.0
352996.0
353006.0
353016.0
353026.0
353036.0
353046.0
353056.0
353066.0
357006.0
357006.3973793749
357006.3973870605
357016.0
357016.3752826188
357016.3752903044
357026.0
357026.3973793749
357026.3973870605
357036.0
357037.5921845697
357037.5921922553
357037.59219994093
357037.59220762656
357037.5922153122
357037.5922229978
357046.0
357048.7869897645
357048.7869974501
357048.78700513573
357048.78701282135
357048.787020507
357048.7870281926
357048.7870358782
357048.78704356385
357048.78705124947
357048.7870589351
357056.0
357056.3752826188
357056.3752903044
357066.0
357067.5921845697
357067.5921922553
357076.0
357077.5921845697
357077.5921922553
357077.59219994093
357077.59220762656
357077.5922153122
357077.5922229978
357086.0
357096.0
357097.59216919844
357097.59217688406
357097.5921845697
357097.5921922553
357097.59219994093
357097.59220762656
357106.0
357108.7869897645
357108.7869974501
357108.78700513573
357108.78701282135
357108.787020507
357108.7870281926
357108.7870358782
357108.78704356385
357108.78705124947
357108.7870589351
357116.0
357118.7869897645
357118.7869974501
357118.78700513573
357118.78701282135
357118.787020507
357118.7870281926
357118.7870358782
357118.78704356385
357118.78705124947
357118.7870589351
357126.0
357136.0
357146.0
357156.0
357166.0
357176.0
357186.0
357196.0
357206.0
357216.0
357226.0
357236.0
357246.0
357256.0
357266.0
357276.0
357286.0
357296.0
357306.0
357316.0
357326.0
357336.0
357346.0
357356.0
357366.0
357376.0
357386.0
357396.0
357406.0
357416.0
357426.0
357436.0
357446.0
357456.0
357466.0
357476.0
357486.0
357496.0
357506.0
357516.0
357526.0
357536.0
357546.0
357556.0
357566.0
357576.0
357586.0
357596.0
357606.0
357616.0
357626.0
357636.0
357646.0
357656.0
357666.0
357676.0
357686.0
357696.0
357706.0
357716.0
357726.0
357736.0
357746.0
357756.0
357766.0
357776.0
357786.0
357796.0
357806.0
357816.0
357826.0
357836.0
357846.0
357856.0
357866.0
357876.0
357886.0
357896.0
357906.0
357916.0
357926.0
357936.0
357946.0
357956.0
357966.0
357976.0
357986.0
357996.0
358006.0
358016.0
362005.994961702
362005.9949693876
362006.0
362016.0
362016.03710112046
362016.0371088061
362025.9534427799
362025.9534504655
362026.0
362036.0
362036.03710112046
362036.0371088061
362046.0
362046.07862004254
362046.07862772816
362055.9534427799
362055.9534504655
362056.0
362066.0
362076.0
362076.03710112046
362076.0371088061
362085.9534427799
362085.9534504655
362086.0
362096.0
362097.53232632007
362097.5323340057
362105.994961702
362105.9949693876
362106.0
362116.0
362116.03710112046
362116.0371088061
362126.0
362136.0
362145.59627577453
362145.59628346015
362146.0
362146.8742532757
362146.8742609613
362156.0
362156.07862004254
362156.07862772816
362166.0
362166.8742532757
362166.8742609613
362175.994961702
362175.9949693876
362176.0
362185.994961702
362185.9949693876
362186.0
362196.0
362203.70598408015
362203.7059917658
362206.0
362206.07862004254
362206.07862772816
362215.9534427799
362215.9534504655
362216.0
362226.0
362226.03710112046
362226.0371088061
362235.994961702
362235.9949693876
362236.0
362245.9534427799
362245.9534504655
362246.0
362256.0
362266.0
362276.0
362286.0
362296.0
362306.0
362316.0
362326.0
362336.0
362346.0
362356.0
362366.0
362376.0
362386.0
362396.0
362406.0
362416.0
362426.0
362436.0
362446.0
362456.0
362466.0
362476.0
362486.0
362496.0
362506.0
362516.0
362526.0
362536.0
362546.0
362556.0
362566.0
362576.0
362586.0
362596.0
362606.0
362616.0
362626.0
362636.0
362646.0
362656.0
362666.0
362676.0
362686.0
362696.0
362706.0
362716.0
362726.0
362736.0
362746.0
362756.0
362766.0
362776.0
362786.0
362796.0
362806.0
362816.0
362826.0
362836.0
362846.0
362856.0
362866.0
362876.0
362886.0
362896.0
362906.0
362916.0
362926.0
362936.0
362946.0
362956.0
362966.0
362976.0
362986.0
362996.0
363006.0
363016.0
363026.0
363036.0
363046.0
363056.0
363066.0
363076.0
363086.0
367006.0
367014.62864182616
367014.6286495118
367016.0
367026.0
367034.62864182616
367034.6286495118
367036.0
367044.62864182616
367044.6286495118
367046.0
367054.62864182616
367054.6286495118
367056.0
367064.35391927615
367064.3539269618
367066.0
367076.0
367084.62864182616
367084.6286495118
367086.0
367094.62864182616
367094.6286495118
367096.0
367104.62864182616
367104.6286495118
367106.0
367114.62864182616
367114.6286495118
367116.0
367124.62864182616
367124.6286495118
367125.91863868275
367125.9186463684
367126.0
367136.0
367146.0
367156.0
367166.0
367176.0
367186.0
367196.0
367206.0
367216.0
367226.0
367236.0
367246.0
367256.0
367266.0
367276.0
367286.0
367296.0
367306.0
367316.0
367326.0
367336.0
367346.0
367356.0
367366.0
367376.0
367386.0
367396.0
367406.0
367416.0
367426.0
367436.0
367446.0
367456.0
367466.0
367476.0
367486.0
367496.0
367506.0
367516.0
367526.0
367536.0
367546.0
367556.0
367566.0
367576.0
367586.0
367596.0
367606.0
367616.0
367626.0
367636.0
367646.0
367656.0
367666.0
367676.0
367686.0
367696.0
367706.0
367716.0
367726.0
367736.0
367746.0
367756.0
367766.0
367776.0
367786.0
367796.0
367806.0
367816.0
367826.0
367836.0
367846.0
367856.0
367866.0
367876.0
367886.0
367896.0
367906.0
367916.0
367926.0
367936.0
367946.0
367956.0
367966.0
367976.0
367986.0
367996.0
368006.0
368016.0
368026.0
