237002.06737220398
237002.06738027738
237006.0
237016.0
237026.0
237036.0
237046.0
237056.0
237066.0
237076.0
237086.0
237096.0
237106.0
237116.0
237126.0
237136.0
237146.0
237156.0
237166.0
237176.0
237186.0
237196.0
237206.0
237216.0
237226.0
237236.0
237246.0
237256.0
237266.0
237276.0
237286.0
237296.0
237306.0
237316.0
237326.0
237336.0
237346.0
237356.0
237366.0
237376.0
237386.0
237396.0
237406.0
237416.0
237426.0
237436.0
237446.0
237456.0
237466.0
237476.0
237486.0
237496.0
237506.0
237516.0
237526.0
237536.0
237546.0
237556.0
237566.0
237576.0
237586.0
237596.0
237606.0
237616.0
237626.0
237636.0
237646.0
237656.0
237666.0
237676.0
237686.0
237696.0
237706.0
237716.0
237726.0
237736.0
237746.0
237756.0
237766.0
237776.0
237786.0
237796.0
237806.0
237816.0
237826.0
237836.0
237846.0
237856.0
237866.0
237876.0
237886.0
237896.0
237906.0
237916.0
237926.0
237936.0
237946.0
397004.42774499714
397004.42775307054
397006.0
397014.42774499714
397014.42775307054
397016.0
397026.0
397034.42774499714
397034.42775307054
397036.0
397044.42774499714
397044.42775307054
397046.0
397054.42774499714
397054.42775307054
397056.0
397064.25347105553
397064.25347912894
397066.0
397074.42774499714
397074.42775307054
397076.0
397086.0
397094.42774499714
397094.42775307054
397094.42776114395
397094.42776921735
397094.42777729075
397094.42778536415
397096.0
397104.42774499714
397104.42775307054
397106.0
397114.42774499714
397114.42775307054
397116.0
397124.42774499714
397124.42775307054
397126.0
397136.0
397146.0
397156.0
397166.0
397176.0
397186.0
397196.0
397206.0
397216.0
397226.0
397236.0
397246.0
397256.0
397266.0
397276.0
397286.0
397296.0
397306.0
397316.0
397326.0
397336.0
397346.0
397356.0
397366.0
397376.0
397386.0
397396.0
397406.0
397416.0
397426.0
397436.0
397446.0
397456.0
397466.0
397476.0
397486.0
397496.0
397506.0
397516.0
397526.0
397536.0
397546.0
397556.0
397566.0
397576.0
397586.0
397596.0
397606.0
397616.0
397621.15347105556
397621.15347912896
397626.0
397636.0
397646.0
397656.0
397666.0
397670.15347105556
397670.15347912896
397676.0
397686.0
397696.0
397706.0
397716.0
397726.0
397736.0
397746.0
397756.0
397766.0
397776.0
397786.0
397796.0
397806.0
397816.0
397826.0
397836.0
397846.0
397856.0
397866.0
397876.0
397886.0
397896.0
397906.0
397916.0
397926.0
397936.0
397946.0
397956.0
397966.0
397976.0
397986.0
397996.0
398006.0
398016.0
398026.0
398036.0
398046.0
398056.0
398064.25347105553
398064.25347912894
398066.0
398076.0
398086.0
398096.0
398106.0
523005.7629876148
523005.7629956882
523005.7630037616
523005.763011835
523006.0
523006.0
523015.7629876148
523015.7629956882
523016.0
523016.0
523025.8460254589
523025.8460335323
523025.8460416057
523025.8460496791
523026.0
523026.0
523035.7629876148
523035.7629956882
523035.7630037616
523035.763011835
523036.0
523036.0
523045.7629876148
523045.7629956882
523045.7630037616
523045.763011835
523046.0
523046.0
523055.6799497707
523055.6799578441
523055.6799659175
523055.6799739909
523055.6799820643
523055.6799901377
523055.6799982111
523055.6800062845
523056.0
523056.0
523064.8691937118
523064.8692017852
523064.8692098586
523064.869217932
523066.0
523066.0
523066.6760536668
523066.6760617402
523076.0
523076.0
523076.9748064639
523076.97481453733
523076.97482261073
523076.97483068414
523076.97483875754
523076.97484683094
523076.97485490434
523076.97486297775
523086.0
523086.0
523095.6799497707
523095.6799578441
523095.6799659175
523095.6799739909
523095.6799820643
523095.6799901377
523096.0
523096.0
523105.6799497707
523105.6799578441
523105.6799659175
523105.6799739909
523105.6799820643
523105.6799901377
523105.6799982111
523105.6800062845
523105.6800143579
523105.6800224313
523105.6800305047
523105.6800385781
523106.0
523106.0
523115.6799497707
523115.6799578441
523115.6799659175
523115.6799739909
523115.6799820643
523115.6799901377
523115.6799982111
523115.6800062845
523115.6800143579
523115.6800224313
523115.6800305047
523115.6800385781
523116.0
523116.0
523125.6799497707
523125.6799578441
523125.6799659175
523125.6799739909
523125.6799820643
523125.6799901377
523125.6799982111
523125.6800062845
523125.6800143579
523125.6800224313
523126.0
523126.0
523136.0
523136.0
523146.0
523146.0
523156.0
523156.0
523166.0
523166.0
523176.0
523176.0
523186.0
523186.0
523196.0
523196.0
523206.0
523206.0
523216.0
523216.0
523226.0
523226.0
523236.0
523236.0
523246.0
523246.0
523256.0
523256.0
523266.0
523266.0
523276.0
523276.0
523286.0
523286.0
523296.0
523296.0
523306.0
523306.0
523316.0
523316.0
523326.0
523326.0
523336.0
523336.0
523346.0
523346.0
523356.0
523356.0
523366.0
523366.0
523376.0
523376.0
523386.0
523386.0
523396.0
523396.0
523406.0
523406.0
523416.0
523416.0
523426.0
523426.0
523436.0
523436.0
523446.0
523446.0
523456.0
523456.0
523466.0
523466.0
523476.0
523476.0
523486.0
523486.0
523496.0
523496.0
523506.0
523506.0
523516.0
523516.0
523526.0
523526.0
523536.0
523536.0
523546.0
523546.0
523556.0
523556.0
523566.0
523566.0
523576.0
523576.0
523586.0
523586.0
523596.0
523596.0
523606.0
523606.0
523616.0
523616.0
523626.0
523626.0
523636.0
523636.0
523646.0
523646.0
523656.0
523656.0
523666.0
523666.0
523676.0
523676.0
523686.0
523686.0
523696.0
523696.0
523706.0
523706.0
523716.0
523716.0
523726.0
523726.0
523736.0
523736.0
523746.0
523746.0
523756.0
523756.0
523766.0
523766.0
523776.0
523776.0
523786.0
523786.0
523796.0
523796.0
523806.0
523806.0
523816.0
523816.0
523826.0
523826.0
523836.0
523836.0
523846.0
523846.0
523856.0
523856.0
523866.0
523866.0
523876.0
523876.0
523886.0
523886.0
523896.0
523896.0
523906.0
523906.0
523916.0
523916.0
523926.0
523926.0
523936.0
523936.0
523946.0
523946.0
523956.0
523956.0
523966.0
523966.0
523976.0
523976.0
523986.0
523986.0
523996.0
523996.0
524006.0
524006.0
524016.0
524016.0
524026.0
524026.0
237002.06737220398
237002.06738027738
237006.0
237016.0
237026.0
237036.0
237046.0
237056.0
237066.0
237076.0
237086.0
237096.0
237106.0
237116.0
237126.0
237136.0
237146.0
237156.0
237166.0
237176.0
237186.0
237196.0
237206.0
237216.0
237226.0
237236.0
237246.0
237256.0
237266.0
237276.0
237286.0
237296.0
237306.0
237316.0
237326.0
237336.0
237346.0
237356.0
237366.0
237376.0
237386.0
237396.0
237406.0
237416.0
237426.0
237436.0
237446.0
237456.0
237466.0
237476.0
237486.0
237496.0
237506.0
237516.0
237526.0
237536.0
237546.0
237556.0
237566.0
237576.0
237586.0
237596.0
237606.0
237616.0
237626.0
237636.0
237646.0
237656.0
237666.0
237676.0
237686.0
237696.0
237706.0
237716.0
237726.0
237736.0
237746.0
237756.0
237766.0
237776.0
237786.0
237796.0
237806.0
237816.0
237826.0
237836.0
237846.0
237856.0
237866.0
237876.0
237886.0
237896.0
237906.0
237916.0
237926.0
237936.0
237946.0
397004.42774499714
397004.42775307054
397006.0
397014.42774499714
397014.42775307054
397016.0
397024.42774499714
397024.42775307054
397026.0
397034.42774499714
397034.42775307054
397036.0
397044.42774499714
397044.42775307054
397046.0
397054.42774499714
397054.42775307054
397056.0
397064.25347105553
397064.25347912894
397066.0
397074.82644629583
397074.82645436923
397076.0
397084.82644629583
397084.82645436923
397086.0
397094.82644629583
397094.82645436923
397096.0
397104.82644629583
397104.82645436923
397106.0
397114.82644629583
397114.82645436923
397116.0
397124.82644629583
397124.82645436923
397126.0
397136.0
397146.0
397156.0
397166.0
397176.0
397186.0
397196.0
397206.0
397216.0
397226.0
397236.0
397246.0
397256.0
397266.0
397276.0
397286.0
397296.0
397306.0
397316.0
397326.0
397336.0
397346.0
397356.0
397366.0
397376.0
397386.0
397396.0
397406.0
397416.0
397426.0
397436.0
397446.0
397456.0
397466.0
397476.0
397486.0
397496.0
397506.0
397516.0
397526.0
397536.0
397546.0
397556.0
397566.0
397576.0
397586.0
397596.0
397606.0
397616.0
397621.15347105556
397621.15347912896
397621.15348720236
397621.15349527576
397626.0
397636.0
397646.0
397656.0
397666.0
397670.15347105556
397670.15347912896
397670.15348720236
397670.15349527576
397676.0
397686.0
397696.0
397706.0
397716.0
397726.0
397736.0
397746.0
397756.0
397766.0
397776.0
397786.0
397796.0
397806.0
397816.0
397826.0
397836.0
397846.0
397856.0
397866.0
397876.0
397886.0
397896.0
397906.0
397916.0
397926.0
397936.0
397946.0
397956.0
397966.0
397976.0
397986.0
397996.0
398006.0
398016.0
398026.0
398036.0
398046.0
398056.0
398066.0
398076.0
398086.0
398096.0
398106.0
523005.6799497707
523005.6799578441
523005.6799659175
523005.6799739909
523006.0
523006.0
523015.7629876148
523015.7629956882
523015.7630037616
523015.763011835
523015.7630199084
523015.7630279818
523015.7630360552
523015.7630441286
523016.0
523016.0
523025.7629876148
523025.7629956882
523025.7630037616
523025.763011835
523026.0
523026.0
523035.6799497707
523035.6799578441
523036.0
523036.0
523045.7629876148
523045.7629956882
523045.7630037616
523045.763011835
523046.0
523046.0
523055.6799497707
523055.6799578441
523055.6799659175
523055.6799739909
523056.0
523056.0
523064.8691937118
523064.8692017852
523066.0
523066.0
523066.0786510694
523066.0786591428
523076.0
523076.0
523076.5434795547
523076.5434876281
523076.5434957015
523076.5435037749
523086.0
523086.0
523086.6265173988
523086.6265254722
523086.6265335456
523086.626541619
523096.0
523096.0
523096.3774038665
523096.3774119399
523096.3774200133
523096.3774280867
523106.0
523106.0
523106.2447267576
523106.244734831
523116.0
523116.0
523116.3774038665
523116.3774119399
523116.3774200133
523116.3774280867
523126.0
523126.0
523126.3774038665
523126.3774119399
523126.3774200133
523126.3774280867
523136.0
523136.0
523146.0
523146.0
523156.0
523156.0
523166.0
523166.0
523176.0
523176.0
523186.0
523186.0
523196.0
523196.0
523206.0
523206.0
523216.0
523216.0
523226.0
523226.0
523236.0
523236.0
523246.0
523246.0
523256.0
523256.0
523266.0
523266.0
523276.0
523276.0
523286.0
523286.0
523296.0
523296.0
523306.0
523306.0
523316.0
523316.0
523326.0
523326.0
523336.0
523336.0
523346.0
523346.0
523356.0
523356.0
523366.0
523366.0
523376.0
523376.0
523386.0
523386.0
523396.0
523396.0
523406.0
523406.0
523416.0
523416.0
523426.0
523426.0
523436.0
523436.0
523446.0
523446.0
523456.0
523456.0
523466.0
523466.0
523476.0
523476.0
523486.0
523486.0
523496.0
523496.0
523506.0
523506.0
523516.0
523516.0
523526.0
523526.0
523536.0
523536.0
523546.0
523546.0
523556.0
523556.0
523566.0
523566.0
523576.0
523576.0
523586.0
523586.0
523596.0
523596.0
523606.0
523606.0
523616.0
523616.0
523626.0
523626.0
523636.0
523636.0
523646.0
523646.0
523656.0
523656.0
523666.0
523666.0
523676.0
523676.0
523686.0
523686.0
523696.0
523696.0
523706.0
523706.0
523716.0
523716.0
523726.0
523726.0
523736.0
523736.0
523746.0
523746.0
523756.0
523756.0
523766.0
523766.0
523776.0
523776.0
523786.0
523786.0
523796.0
523796.0
523806.0
523806.0
523816.0
523816.0
523826.0
523826.0
523836.0
523836.0
523846.0
523846.0
523856.0
523856.0
523866.0
523866.0
523876.0
523876.0
523886.0
523886.0
523896.0
523896.0
523906.0
523906.0
523916.0
523916.0
523926.0
523926.0
523936.0
523936.0
523946.0
523946.0
523956.0
523956.0
523966.0
523966.0
523976.0
523976.0
523986.0
523986.0
523996.0
523996.0
524006.0
524006.0
524016.0
524016.0
524026.0
524026.0
237002.06737220398
237002.06738027738
237006.0
237016.0
237026.0
237036.0
237046.0
237056.0
237066.0
237076.0
237086.0
237096.0
237106.0
237116.0
237126.0
237136.0
237146.0
237156.0
237166.0
237176.0
237186.0
237196.0
237206.0
237216.0
237226.0
237236.0
237246.0
237256.0
237266.0
237276.0
237286.0
237296.0
237306.0
237316.0
237326.0
237336.0
237346.0
237356.0
237366.0
237376.0
237386.0
237396.0
237406.0
237416.0
237426.0
237436.0
237446.0
237456.0
237466.0
237476.0
237486.0
237496.0
237506.0
237516.0
237526.0
237536.0
237546.0
237556.0
237566.0
237576.0
237586.0
237596.0
237606.0
237616.0
237626.0
237636.0
237646.0
237656.0
237666.0
237676.0
237686.0
237696.0
237706.0
237716.0
237726.0
237736.0
237746.0
237756.0
237766.0
237776.0
237786.0
237796.0
237806.0
237816.0
237826.0
237836.0
237846.0
237856.0
237866.0
237876.0
237886.0
237896.0
237906.0
237916.0
237926.0
237936.0
237946.0
397004.82644629583
397004.82645436923
397006.0
397014.82644629583
397014.82645436923
397016.0
397026.0
397034.82644629583
397034.82645436923
397036.0
397044.82644629583
397044.82645436923
397046.0
397054.82644629583
397054.82645436923
397056.0
397066.0
397074.42774499714
397074.42775307054
397076.0
397084.42774499714
397084.42775307054
397086.0
397094.42774499714
397094.42775307054
397096.0
397104.42774499714
397104.42775307054
397106.0
397114.42774499714
397114.42775307054
397116.0
397126.0
397136.0
397146.0
397156.0
397166.0
397176.0
397186.0
397196.0
397206.0
397216.0
397226.0
397236.0
397246.0
397256.0
397266.0
397276.0
397286.0
397296.0
397306.0
397316.0
397326.0
397336.0
397346.0
397356.0
397366.0
397376.0
397386.0
397396.0
397406.0
397416.0
397426.0
397436.0
397446.0
397456.0
397466.0
397476.0
397486.0
397496.0
397506.0
397516.0
397526.0
397536.0
397546.0
397556.0
397566.0
397576.0
397586.0
397596.0
397606.0
397616.0
397621.15347105556
397621.15347912896
397626.0
397636.0
397646.0
397656.0
397666.0
397670.15347105556
397670.15347912896
397676.0
397686.0
397696.0
397706.0
397716.0
397726.0
397736.0
397746.0
397756.0
397766.0
397776.0
397786.0
397796.0
397806.0
397816.0
397826.0
397836.0
397846.0
397856.0
397866.0
397876.0
397886.0
397896.0
397906.0
397916.0
397926.0
397936.0
397946.0
397956.0
397966.0
397976.0
397986.0
397996.0
398006.0
398016.0
398026.0
398036.0
398046.0
398056.0
398064.25347105553
398064.25347912894
398066.0
398076.0
398086.0
398096.0
398106.0
523006.0
523006.05789160833
523006.05789968173
523016.0
523016.05789160833
523016.05789968173
523025.97367482504
523025.97368289845
523026.0
523036.0
523036.0994105304
523036.0994186038
523046.0
523055.7007092317
523055.7007173051
523056.0
523056.0994105304
523056.0994186038
523066.0
523075.65919030964
523075.65919838304
523076.0
523076.05789160833
523076.05789968173
523086.0
523095.57497352635
523095.57498159976
523095.97367482504
523095.97368289845
523096.0
523105.97367482504
523105.97368289845
523106.0
523116.0
523116.0994105304
523116.0994186038
523126.0
523126.05789160833
523126.05789968173
523136.0
523146.0
523156.0
523166.0
523176.0
523186.0
523196.0
523206.0
523216.0
523226.0
523236.0
523246.0
523256.0
523266.0
523276.0
523286.0
523296.0
523306.0
523316.0
523326.0
523336.0
523346.0
523356.0
523366.0
523376.0
523386.0
523396.0
523406.0
523416.0
523426.0
523436.0
523446.0
523456.0
523466.0
523476.0
523486.0
523496.0
523506.0
523516.0
523526.0
523536.0
523546.0
523556.0
523566.0
523576.0
523586.0
523596.0
523606.0
523616.0
523626.0
523636.0
523646.0
523656.0
523666.0
523676.0
523686.0
523696.0
523706.0
523716.0
523726.0
523736.0
523746.0
523756.0
523766.0
523776.0
523786.0
523796.0
523806.0
523816.0
523826.0
523836.0
523846.0
523856.0
523866.0
523876.0
523886.0
523896.0
523906.0
523916.0
523926.0
523936.0
523946.0
523956.0
523966.0
523976.0
523986.0
523996.0
524006.0
524016.0
524026.0
237002.06737220398
237002.06738027738
237006.0
237016.0
237026.0
237036.0
237046.0
237056.0
237066.0
237076.0
237086.0
237096.0
237106.0
237116.0
237126.0
237136.0
237146.0
237156.0
237166.0
237176.0
237186.0
237196.0
237206.0
237216.0
237226.0
237236.0
237246.0
237256.0
237266.0
237276.0
237286.0
237296.0
237306.0
237316.0
237326.0
237336.0
237346.0
237356.0
237366.0
237376.0
237386.0
237396.0
237406.0
237416.0
237426.0
237436.0
237446.0
237456.0
237466.0
237476.0
237486.0
237496.0
237506.0
237516.0
237526.0
237536.0
237546.0
237556.0
237566.0
237576.0
237586.0
237596.0
237606.0
237616.0
237626.0
237636.0
237646.0
237656.0
237666.0
237676.0
237686.0
237696.0
237706.0
237716.0
237726.0
237736.0
237746.0
237756.0
237766.0
237776.0
237786.0
237796.0
237806.0
237816.0
237826.0
237836.0
237846.0
237856.0
237866.0
237876.0
237886.0
237896.0
237906.0
237916.0
237926.0
237936.0
237946.0
397004.42774499714
397004.42775307054
397006.0
397014.42774499714
397014.42775307054
397016.0
397024.42774499714
397024.42775307054
397026.0
397034.42774499714
397034.42775307054
397036.0
397044.42774499714
397044.42775307054
397046.0
397054.42774499714
397054.42775307054
397056.0
397064.25347105553
397064.25347912894
397066.0
397073.13343183196
397073.13343990536
397074.82644629583
397074.82645436923
397076.0
397084.82644629583
397084.82645436923
397086.0
397096.0
397104.82644629583
397104.82645436923
397106.0
397114.82644629583
397114.82645436923
397116.0
397124.82644629583
397124.82645436923
397126.0
397136.0
397146.0
397156.0
397166.0
397176.0
397186.0
397196.0
397206.0
397216.0
397226.0
397236.0
397246.0
397256.0
397266.0
397276.0
397286.0
397296.0
397306.0
397316.0
397326.0
397336.0
397346.0
397356.0
397366.0
397376.0
397386.0
397396.0
397406.0
397416.0
397426.0
397436.0
397446.0
397456.0
397466.0
397476.0
397486.0
397496.0
397506.0
397516.0
397526.0
397536.0
397546.0
397556.0
397566.0
397576.0
397586.0
397596.0
397606.0
397616.0
397621.15347105556
397621.15347912896
397626.0
397636.0
397646.0
397656.0
397666.0
397670.15347105556
397670.15347912896
397676.0
397686.0
397696.0
397706.0
397716.0
397726.0
397736.0
397746.0
397756.0
397766.0
397776.0
397786.0
397796.0
397806.0
397816.0
397826.0
397836.0
397846.0
397856.0
397866.0
397876.0
397886.0
397896.0
397906.0
397916.0
397926.0
397936.0
397946.0
397956.0
397966.0
397976.0
397986.0
397996.0
398006.0
398016.0
398026.0
398036.0
398046.0
398056.0
398066.0
398076.0
398086.0
398096.0
398106.0
523005.6799497707
523005.6799578441
523005.6799659175
523005.6799739909
523006.0
523006.0
523015.6799497707
523015.6799578441
523015.6799659175
523015.6799739909
523015.6799820643
523015.6799901377
523015.6799982111
523015.6800062845
523016.0
523016.0
523025.6799497707
523025.6799578441
523025.6799659175
523025.6799739909
523025.6799820643
523025.6799901377
523025.6799982111
523025.6800062845
523026.0
523026.0
523036.0
523036.0
523045.6799497707
523045.6799578441
523045.6799659175
523045.6799739909
523045.6799820643
523045.6799901377
523045.6799982111
523045.6800062845
523046.0
523046.0
523055.6799497707
523055.6799578441
523055.6799659175
523055.6799739909
523056.0
523056.0
523064.8691937118
523064.8692017852
523064.8692098586
523064.869217932
523064.8692260054
523064.8692340788
523064.8692421522
523064.8692502256
523066.0
523066.0
523076.0
523076.0
523076.4604417106
523076.460449784
523076.4604578574
523076.4604659308
523086.0
523086.0
523086.4189227886
523086.418930862
523086.4189389354
523086.4189470088
523096.0
523096.0
523096.1616889135
523096.1616969869
523106.0
523106.0
523115.8460254589
523115.8460335323
523115.8460416057
523115.8460496791
523116.0
523116.0
523125.6799497707
523125.6799578441
523126.0
523126.0
523136.0
523136.0
523146.0
523146.0
523156.0
523156.0
523166.0
523166.0
523176.0
523176.0
523186.0
523186.0
523196.0
523196.0
523206.0
523206.0
523216.0
523216.0
523226.0
523226.0
523236.0
523236.0
523246.0
523246.0
523256.0
523256.0
523266.0
523266.0
523276.0
523276.0
523286.0
523286.0
523296.0
523296.0
523306.0
523306.0
523316.0
523316.0
523326.0
523326.0
523336.0
523336.0
523346.0
523346.0
523356.0
523356.0
523366.0
523366.0
523376.0
523376.0
523386.0
523386.0
523396.0
523396.0
523406.0
523406.0
523416.0
523416.0
523426.0
523426.0
523436.0
523436.0
523446.0
523446.0
523456.0
523456.0
523466.0
523466.0
523476.0
523476.0
523486.0
523486.0
523496.0
523496.0
523506.0
523506.0
523516.0
523516.0
523526.0
523526.0
523536.0
523536.0
523546.0
523546.0
523556.0
523556.0
523566.0
523566.0
523576.0
523576.0
523586.0
523586.0
523596.0
523596.0
523606.0
523606.0
523616.0
523616.0
523626.0
523626.0
523636.0
523636.0
523646.0
523646.0
523656.0
523656.0
523666.0
523666.0
523676.0
523676.0
523686.0
523686.0
523696.0
523696.0
523706.0
523706.0
523716.0
523716.0
523726.0
523726.0
523736.0
523736.0
523746.0
523746.0
523756.0
523756.0
523766.0
523766.0
523776.0
523776.0
523786.0
523786.0
523796.0
523796.0
523806.0
523806.0
523816.0
523816.0
523826.0
523826.0
523836.0
523836.0
523846.0
523846.0
523856.0
523856.0
523866.0
523866.0
523876.0
523876.0
523886.0
523886.0
523896.0
523896.0
523906.0
523906.0
523916.0
523916.0
523926.0
523926.0
523936.0
523936.0
523946.0
523946.0
523956.0
523956.0
523966.0
523966.0
523976.0
523976.0
523986.0
523986.0
523996.0
523996.0
524006.0
524006.0
524016.0
524016.0
524026.0
524026.0
