221003.75533978167
221003.7553476179
221006.0
221016.0
221026.0
221036.0
221046.0
221056.0
221066.0
221076.0
221086.0
221096.0
221106.0
221116.0
221126.0
221136.0
221146.0
221156.0
221166.0
221176.0
221186.0
221196.0
221206.0
221216.0
221226.0
221236.0
221246.0
221256.0
221266.0
221276.0
221286.0
221296.0
221306.0
221316.0
221326.0
221336.0
221346.0
221356.0
221366.0
221376.0
221386.0
221396.0
221406.0
221416.0
221426.0
221436.0
221446.0
221456.0
221466.0
221476.0
221486.0
221496.0
221506.0
221516.0
221526.0
221536.0
221546.0
221556.0
221566.0
221576.0
221586.0
221596.0
221606.0
221616.0
221626.0
221636.0
221646.0
221656.0
221666.0
221676.0
221686.0
221696.0
221706.0
221716.0
221726.0
221736.0
221746.0
221756.0
221766.0
221776.0
221786.0
221796.0
221806.0
221816.0
221826.0
221836.0
221846.0
221856.0
221866.0
221876.0
221886.0
221896.0
221906.0
221916.0
221926.0
221936.0
221946.0
221952.65533978166
221952.6553476179
221956.0
221966.0
221976.0
221986.0
221996.0
222006.0
222016.0
222026.0
222036.0
222046.0
222056.0
222066.0
222076.0
222086.0
222096.0
222106.0
222116.0
295006.0
295007.0811762833
295007.08118411957
295016.0
295026.0
295027.0811762833
295027.08118411957
295036.0
295037.0811762833
295037.08118411957
295046.0
295047.0811762833
295047.08118411957
295056.0
295057.0811762833
295057.08118411957
295066.0
295076.0
295076.6824749846
295076.6824828209
295086.0
295086.6824749846
295086.6824828209
295087.0811762833
295087.08118411957
295096.0
295097.0811762833
295097.08118411957
295106.0
295107.0811762833
295107.08118411957
295116.0
295117.0811762833
295117.08118411957
295126.0
295127.0811762833
295127.08118411957
295136.0
295146.0
295156.0
295166.0
295176.0
295184.2808359307
295184.280843767
295186.0
295196.0
295206.0
295216.0
295226.0
295236.0
295246.0
295256.0
295266.0
295276.0
295286.0
295296.0
295306.0
295316.0
295326.0
295336.0
295346.0
295356.0
295366.0
295376.0
295386.0
295396.0
295406.0
295416.0
295426.0
295436.0
295446.0
295456.0
295466.0
295476.0
295486.0
295496.0
295506.0
295516.0
295526.0
295536.0
295546.0
295556.0
295566.0
295576.0
295586.0
295596.0
295606.0
295616.0
295626.0
295636.0
295646.0
295656.0
295666.0
295676.0
295686.0
295696.0
295706.0
295716.0
295726.0
295736.0
295745.2808359307
295745.280843767
295746.0
295756.0
295766.0
295776.0
295786.0
295796.0
295806.0
295816.0
295826.0
295836.0
295846.0
295856.0
295866.0
295876.0
295886.0
295896.0
295906.0
295916.0
295926.0
295936.0
295946.0
295956.0
367004.98263502354
367004.9826428598
367006.0
367014.98263502354
367014.9826428598
367016.0
367026.0
367034.98263502354
367034.9826428598
367036.0
367044.98263502354
367044.9826428598
367046.0
367054.98263502354
367054.9826428598
367056.0
367065.58003762097
367065.58004545723
367066.0
367075.58003762097
367075.58004545723
367075.5800532935
367075.58006112976
367075.580068966
367075.5800768023
367076.0
367086.0
367094.58393372485
367094.5839415611
367094.5839493974
367094.58395723364
367094.5839650699
367094.58397290617
367096.0
367096.17744021834
367096.1774480546
367096.17745589087
367096.17746372713
367096.1774715634
367096.17747939966
367096.1774872359
367096.1774950722
367096.17750290845
367096.1775107447
367106.0
367106.17744021834
367106.1774480546
367106.17745589087
367106.17746372713
367106.1774715634
367106.17747939966
367106.1774872359
367106.1774950722
367106.17750290845
367106.1775107447
367116.0
367124.58393372485
367124.5839415611
367124.5839493974
367124.58395723364
367124.5839650699
367124.58397290617
367126.0
367126.17744021834
367126.1774480546
367126.17745589087
367126.17746372713
367126.1774715634
367126.17747939966
367126.1774872359
367126.1774950722
367126.17750290845
367126.1775107447
367136.0
367146.0
367156.0
367166.0
367176.0
367186.0
367196.0
367206.0
367216.0
367226.0
367236.0
367246.0
367256.0
367266.0
367276.0
367286.0
367296.0
367306.0
367316.0
367326.0
367336.0
367346.0
367356.0
367366.0
367376.0
367386.0
367396.0
367406.0
367416.0
367426.0
367436.0
367446.0
367456.0
367466.0
367476.0
367486.0
367496.0
367506.0
367516.0
367526.0
367536.0
367546.0
367556.0
367566.0
367576.0
367586.0
367596.0
367606.0
367616.0
367626.0
367636.0
367646.0
367656.0
367666.0
367676.0
367686.0
367696.0
367706.0
367716.0
367726.0
367736.0
367746.0
367756.0
367766.0
367776.0
367786.0
367796.0
367806.0
367816.0
367826.0
367836.0
367846.0
367856.0
367866.0
367876.0
367886.0
367896.0
367906.0
367916.0
367926.0
367936.0
367946.0
367956.0
367966.0
367976.0
367986.0
367996.0
368006.0
368016.0
368026.0
368036.0
368046.0
368056.0
554006.0
554007.0641856218
554007.0641934581
554016.0
554018.0076117825
554018.0076196188
554026.0
554036.0
554046.0
554046.665484323
554046.6654921593
554047.0641856218
554047.0641934581
554056.0
554057.0641856218
554057.0641934581
554066.0
554067.0641856218
554067.0641934581
554076.0
554077.0641856218
554077.0641934581
554086.0
554087.0641856218
554087.0641934581
554096.0
554097.0641856218
554097.0641934581
554106.0
554107.0641856218
554107.0641934581
554116.0
554117.0641856218
554117.0641934581
554126.0
554127.0641856218
554127.0641934581
554136.0
554137.0641856218
554137.0641934581
554146.0
554147.0641856218
554147.0641934581
554156.0
554157.0641856218
554157.0641934581
554166.0
554176.0
554177.0641856218
554177.0641934581
554186.0
554187.0641856218
554187.0641934581
554196.0
554197.0641856218
554197.0641934581
554206.0
554207.0641856218
554207.0641934581
554216.0
554217.0641856218
554217.0641934581
554226.0
554227.0641856218
554227.0641934581
554236.0
554237.0641856218
554237.0641934581
554246.0
554247.0641856218
554247.0641934581
554256.0
554266.0
554276.0
554286.0
554296.0
554306.0
554316.0
554326.0
554336.0
554339.2723405999
554339.2723484362
554346.0
554356.0
554366.0
554376.0
554386.0
554396.0
554406.0
554416.0
554426.0
554436.0
554446.0
554456.0
554466.0
554476.0
554486.0
554496.0
554506.0
554516.0
554526.0
554536.0
554546.0
554556.0
554566.0
554576.0
554586.0
554596.0
554606.0
554616.0
554626.0
554636.0
554646.0
554656.0
554666.0
554676.0
554686.0
554696.0
554706.0
554716.0
554726.0
554736.0
554746.0
554756.0
554766.0
554776.0
554786.0
554796.0
554806.0
554816.0
554826.0
554836.0
554846.0
554856.0
554866.0
554876.0
554886.0
554896.0
554906.0
554916.0
554926.0
554936.0
554946.0
554956.0
554966.0
554976.0
554986.0
554996.0
555006.0
555016.0
555026.0
555036.0
656006.0
656007.9207226861
656016.0
656017.9207226861
656026.0
656027.9207226861
656036.0
656037.9207226861
656046.0
656047.9207226861
656056.0
656057.9207226861
656066.0
656067.9207226861
656076.0
656077.9207226861
656086.0
656087.9207226861
656096.0
656097.9207226861
656106.0
656107.9207226861
656116.0
656117.9207226861
656126.0
656127.9207226861
656136.0
656137.9207226861
656146.0
656156.0
656157.9207226861
656166.0
656167.9207226861
656176.0
656177.9207226861
656186.0
656187.9207226861
656196.0
656197.9207226861
656206.0
656207.9207226861
656216.0
656217.9207226861
656226.0
656227.9207226861
656236.0
656237.9207226861
656246.0
656247.9207226861
656256.0
656266.0
656276.0
656286.0
656296.0
656306.0
656316.0
656326.0
656336.0
656346.0
656356.0
656366.0
656376.0
656386.0
656396.0
656406.0
656416.0
656426.0
656436.0
656446.0
656456.0
656466.0
656476.0
656486.0
656496.0
656506.0
656516.0
656526.0
656536.0
656546.0
656556.0
656566.0
656576.0
656586.0
656596.0
656606.0
656616.0
656626.0
656636.0
656646.0
656656.0
656666.0
656676.0
656686.0
656696.0
656706.0
656716.0
656726.0
656736.0
656746.0
656756.0
656766.0
656776.0
656786.0
656796.0
656806.0
656816.0
656826.0
656836.0
656846.0
656856.0
656866.0
656876.0
656886.0
656896.0
656906.0
656916.0
656926.0
656936.0
656946.0
656956.0
656966.0
656976.0
656986.0
656996.0
657006.0
657016.0
657026.0
657036.0
657046.0
657056.0
657066.0
657076.0
657086.0
657096.0
657106.0
657116.0
657126.0
657136.0
657146.0
657156.0
57002.58979487529
57002.589802948685
57006.0
57016.0
57026.0
57027.035145345275
57027.03515341867
57036.0
57046.0
57056.0
57066.0
57076.0
57086.0
57096.0
57106.0
57116.0
57126.0
57136.0
57146.0
57156.0
57166.0
57176.0
57186.0
57196.0
57206.0
57216.0
57226.0
57236.0
57246.0
57256.0
57266.0
57276.0
57286.0
57296.0
57306.0
57316.0
57326.0
57336.0
57346.0
57356.0
57366.0
57376.0
57386.0
57396.0
57406.0
57416.0
57426.0
57436.0
57446.0
57456.0
57466.0
57476.0
57486.0
57496.0
57506.0
57516.0
57526.0
57536.0
57546.0
57556.0
57566.0
57576.0
57586.0
57596.0
57606.0
57616.0
57626.0
57636.0
57646.0
57656.0
57666.0
57676.0
57686.0
57696.0
57706.0
57716.0
57726.0
57736.0
57746.0
57756.0
57766.0
57776.0
57786.0
57796.0
57806.0
57816.0
57826.0
57836.0
57846.0
57856.0
57866.0
57876.0
57886.0
57896.0
57906.0
57916.0
57926.0
57936.0
57946.0
57956.0
57966.0
57976.0
57986.0
57996.0
58006.0
58016.0
58026.0
58036.0
58046.0
58056.0
58066.0
58076.0
58086.0
58096.0
58106.0
58116.0
58126.0
58136.0
58146.0
58156.0
58166.0
58176.0
133006.0
133007.21629309765
133007.21630117105
133016.0
133017.21629309765
133017.21630117105
133026.0
133027.21629309765
133027.21630117105
133036.0
133046.0
133047.21629309765
133047.21630117105
133056.0
133057.21629309765
133057.21630117105
133066.0
133067.51499439636
133067.51500246977
133076.0
133077.21629309765
133077.21630117105
133086.0
133087.21629309765
133087.21630117105
133096.0
133097.21629309765
133097.21630117105
133106.0
133107.21629309765
133107.21630117105
133116.0
133117.21629309765
133117.21630117105
133126.0
133127.21629309765
133127.21630117105
133136.0
133146.0
133156.0
133166.0
133176.0
133186.0
133196.0
133206.0
133216.0
133226.0
133236.0
133246.0
133256.0
133266.0
133276.0
133286.0
133296.0
133306.0
133316.0
133326.0
133336.0
133346.0
133356.0
133366.0
133376.0
133386.0
133396.0
133406.0
133416.0
133426.0
133436.0
133446.0
133456.0
133466.0
133476.0
133486.0
133496.0
133506.0
133516.0
133526.0
133536.0
133546.0
133556.0
133566.0
133576.0
133586.0
133596.0
133606.0
133616.0
133626.0
133636.0
133646.0
133656.0
133666.0
133676.0
133686.0
133696.0
133706.0
133716.0
133726.0
133736.0
133746.0
133756.0
133766.0
133776.0
133786.0
133796.0
133806.0
133816.0
133826.0
133836.0
133846.0
133856.0
133866.0
133876.0
133886.0
133896.0
133906.0
133916.0
133926.0
133936.0
133946.0
133956.0
133966.0
133976.0
133986.0
133996.0
134006.0
134016.0
134026.0
134036.0
134046.0
134056.0
134066.0
134076.0
134086.0
134096.0
134106.0
134116.0
243005.43997168652
243005.43997975992
243006.0
243015.43997168652
243015.43997975992
243016.0
243026.0
243035.43997168652
243035.43997975992
243036.0
243045.43997168652
243045.43997975992
243046.0
243055.43997168652
243055.43997975992
243056.0
243066.0
243074.0844634897
243074.0844715631
243076.0
243084.0844634897
243084.0844715631
243086.0
243094.0844634897
243094.0844715631
243096.0
243104.0844634897
243104.0844715631
243106.0
243114.0844634897
243114.0844715631
243116.0
243124.0844634897
243124.0844715631
243126.0
243126.03737428391
243126.03738235732
243126.03739043072
243126.03739850412
243126.03740657752
243126.03741465093
243136.0
243146.0
243156.0
243166.0
243176.0
243186.0
243196.0
243206.0
243216.0
243226.0
243236.0
243246.0
243256.0
243266.0
243276.0
243286.0
243296.0
243306.0
243316.0
243326.0
243336.0
243346.0
243356.0
243366.0
243376.0
243386.0
243396.0
243406.0
243416.0
243426.0
243436.0
243446.0
243456.0
243466.0
243476.0
243486.0
243496.0
243506.0
243516.0
243526.0
243536.0
243546.0
243556.0
243566.0
243576.0
243586.0
243596.0
243606.0
243616.0
243626.0
243636.0
243646.0
243656.0
243666.0
243676.0
243686.0
243696.0
243706.0
243716.0
243726.0
243736.0
243746.0
243756.0
243766.0
243776.0
243786.0
243796.0
243806.0
243816.0
243826.0
243836.0
243846.0
243856.0
243866.0
243876.0
243886.0
243896.0
243906.0
243916.0
243926.0
243936.0
243946.0
243956.0
243964.4602498977
243964.4602579711
243966.0
243976.0
384005.6938016425
384005.6938097159
384006.0
384015.6938016425
384015.6938097159
384016.0
384026.0
384026.54213596735
384026.54214404075
384035.6938016425
384035.6938097159
384036.0
384046.0
384046.4709629276
384046.470971001
384056.0
384066.0
384075.2951003438
384075.2951084172
384076.0
384077.187308136
384077.1873162094
384077.18732428283
384077.18733235623
384077.18734042963
384077.18734850304
384086.0
384086.54213596735
384086.54214404075
384096.0
384105.2951003438
384105.2951084172
384106.0
384115.2951003438
384115.2951084172
384116.0
384125.2951003438
384125.2951084172
384126.0
384127.187308136
384127.1873162094
384127.18732428283
384127.18733235623
384127.18734042963
384127.18734850304
384136.0
384146.0
384156.0
384166.0
384176.0
384186.0
384196.0
384206.0
384216.0
384226.0
384236.0
384246.0
384256.0
384266.0
384276.0
384286.0
384296.0
384306.0
384316.0
384326.0
384336.0
384346.0
384356.0
384366.0
384376.0
384386.0
384396.0
384406.0
384416.0
384426.0
384436.0
384446.0
384456.0
384466.0
384476.0
384486.0
384496.0
384506.0
384516.0
384526.0
384536.0
384546.0
384556.0
384566.0
384576.0
384586.0
384596.0
384606.0
384616.0
384626.0
384636.0
384646.0
384656.0
384666.0
384676.0
384686.0
384696.0
384706.0
384716.0
384726.0
384736.0
384746.0
384756.0
384766.0
384776.0
384786.0
384796.0
384806.0
384816.0
384826.0
384836.0
384846.0
384856.0
384866.0
384876.0
384886.0
384896.0
384906.0
384916.0
384926.0
384936.0
384946.0
384956.0
500006.0
500006.07001455274
500016.0
500016.02093915176
500026.0
500026.01926964446
500036.0
500036.01926964446
500046.0
500046.01926964446
500056.0
500056.01926964446
500066.0
500066.01926964446
500076.0
500076.01926964446
500086.0
500086.07001455274
500096.0
500096.07001455274
500106.0
500106.01926964446
500116.0
500116.01926964446
500126.0
500135.5731624521
500136.0
500145.67131325405
500146.0
500146.07001455274
500156.0
500156.01926964446
500166.0
500166.01926964446
500176.0
500176.01926964446
500186.0
500186.01926964446
500196.0
500206.0
500206.01926964446
500216.0
500226.0
500226.01926964446
500236.0
500236.01926964446
500246.0
500256.0
500266.0
500276.0
500286.0
500296.0
500306.0
500316.0
500326.0
500336.0
500346.0
500356.0
500366.0
500376.0
500386.0
500396.0
500406.0
500416.0
500426.0
500436.0
500446.0
500456.0
500466.0
500476.0
500486.0
500496.0
500506.0
500516.0
500526.0
500536.0
500546.0
500556.0
500566.0
500576.0
500577.98061287816
500586.0
500596.0
500606.0
500616.0
500626.0
500636.0
500646.0
500656.0
500666.0
500676.0
500686.0
500696.0
500706.0
500716.0
500726.0
500736.0
500746.0
500756.0
500766.0
500776.0
500786.0
500796.0
500806.0
500816.0
500826.0
500836.0
500846.0
500856.0
500866.0
500876.0
500886.0
500896.0
500906.0
500916.0
500926.0
500936.0
500946.0
500956.0
500966.0
500976.0
500986.0
500996.0
501006.0
501016.0
501026.0
501036.0
613006.0
613008.2820659445
613016.0
613018.2820659445
613026.0
613028.2820659445
613036.0
613038.2820659445
613046.0
613048.2820659445
613056.0
613058.2820659445
613066.0
613076.0
613078.2820659445
613086.0
613088.2820659445
613096.0
613098.2820659445
613106.0
613108.2820659445
613116.0
613118.2820659445
613126.0
613128.2820659445
613136.0
613138.2820659445
613146.0
613148.2820659445
613156.0
613158.2820659445
613166.0
613168.2820659445
613176.0
613178.2820659445
613186.0
613188.2820659445
613196.0
613198.2820659445
613206.0
613208.2820659445
613216.0
613218.2820659445
613226.0
613228.2820659445
613236.0
613238.2820659445
613246.0
613248.2820659445
613256.0
613266.0
613276.0
613286.0
613296.0
613306.0
613316.0
613326.0
613336.0
613346.0
613356.0
613366.0
613376.0
613386.0
613396.0
613406.0
613416.0
613426.0
613436.0
613446.0
613456.0
613466.0
613476.0
613486.0
613496.0
613506.0
613516.0
613526.0
613536.0
613546.0
613556.0
613566.0
613576.0
613586.0
613596.0
613606.0
613616.0
613626.0
613636.0
613646.0
613656.0
613666.0
613676.0
613686.0
613696.0
613706.0
613716.0
613726.0
613736.0
613746.0
613756.0
57003.13514534527
57003.13515341867
57006.0
57016.0
57026.0
57027.035145345275
57027.03515341867
57036.0
57046.0
57056.0
57066.0
57076.0
57086.0
57096.0
57106.0
57116.0
57126.0
57136.0
57146.0
57156.0
57166.0
57176.0
57186.0
57196.0
57206.0
57216.0
57226.0
57236.0
57246.0
57256.0
57266.0
57276.0
57286.0
57296.0
57306.0
57316.0
57326.0
57336.0
57346.0
57356.0
57366.0
57376.0
57386.0
57396.0
57406.0
57416.0
57426.0
57436.0
57446.0
57456.0
57466.0
57476.0
57486.0
57496.0
57506.0
57516.0
57526.0
57536.0
57546.0
57556.0
57566.0
57576.0
57586.0
57596.0
57606.0
57616.0
57626.0
57636.0
57646.0
57656.0
57666.0
57676.0
57686.0
57696.0
57706.0
57716.0
57726.0
57736.0
57746.0
57756.0
57766.0
57776.0
57786.0
57796.0
57806.0
57816.0
57826.0
57836.0
57846.0
57856.0
57866.0
57876.0
57886.0
57896.0
57906.0
57916.0
57926.0
57936.0
57946.0
57956.0
57966.0
57976.0
57986.0
57996.0
58006.0
58016.0
58026.0
58036.0
58046.0
58056.0
58066.0
58076.0
58086.0
58096.0
58106.0
58116.0
58126.0
58136.0
58146.0
58156.0
58166.0
58176.0
133006.0
133007.21629309765
133007.21630117105
133016.0
133017.21629309765
133017.21630117105
133026.0
133036.0
133037.21629309765
133037.21630117105
133046.0
133047.21629309765
133047.21630117105
133056.0
133057.21629309765
133057.21630117105
133066.0
133067.51499439636
133067.51500246977
133076.0
133077.21629309765
133077.21630117105
133086.0
133087.21629309765
133087.21630117105
133096.0
133097.21629309765
133097.21630117105
133106.0
133107.21629309765
133107.21630117105
133116.0
133117.21629309765
133117.21630117105
133126.0
133127.21629309765
133127.21630117105
133136.0
133146.0
133156.0
133166.0
133176.0
133186.0
133196.0
133206.0
133216.0
133226.0
133236.0
133246.0
133256.0
133266.0
133276.0
133286.0
133296.0
133306.0
133316.0
133326.0
133336.0
133346.0
133356.0
133366.0
133376.0
133386.0
133396.0
133406.0
133416.0
133426.0
133436.0
133446.0
133456.0
133466.0
133476.0
133486.0
133496.0
133506.0
133516.0
133526.0
133536.0
133546.0
133556.0
133566.0
133576.0
133586.0
133596.0
133606.0
133616.0
133626.0
133636.0
133646.0
133656.0
133666.0
133676.0
133686.0
133696.0
133706.0
133716.0
133726.0
133736.0
133746.0
133756.0
133766.0
133776.0
133786.0
133796.0
133806.0
133816.0
133826.0
133836.0
133846.0
133856.0
133866.0
133876.0
133886.0
133896.0
133906.0
133916.0
133926.0
133936.0
133946.0
133956.0
133966.0
133976.0
133986.0
133996.0
134006.0
134016.0
134026.0
134036.0
134046.0
134056.0
134066.0
134076.0
134086.0
134096.0
134106.0
134116.0
243006.0
243016.0
243025.43997168652
243025.43997975992
243026.0
243035.43997168652
243035.43997975992
243036.0
243045.43997168652
243045.43997975992
243046.0
243055.43997168652
243055.43997975992
243056.0
243066.0
243074.0844634897
243074.0844715631
243076.0
243084.0844634897
243084.0844715631
243086.0
243094.0844634897
243094.0844715631
243096.0
243105.43997168652
243105.43997975992
243106.0
243116.0
243125.43997168652
243125.43997975992
243126.0
243136.0
243146.0
243156.0
243166.0
243176.0
243186.0
243196.0
243206.0
243216.0
243226.0
243236.0
243246.0
243256.0
243266.0
243276.0
243286.0
243296.0
243306.0
243316.0
243326.0
243336.0
243346.0
243356.0
243366.0
243376.0
243386.0
243396.0
243406.0
243416.0
243426.0
243436.0
243446.0
243456.0
243466.0
243476.0
243486.0
243496.0
243506.0
243516.0
243526.0
243536.0
243546.0
243556.0
243566.0
243576.0
243586.0
243596.0
243606.0
243616.0
243626.0
243636.0
243646.0
243656.0
243666.0
243676.0
243686.0
243696.0
243706.0
243716.0
243726.0
243736.0
243746.0
243756.0
243766.0
243776.0
243786.0
243796.0
243806.0
243816.0
243826.0
243836.0
243846.0
243856.0
243866.0
243876.0
243886.0
243896.0
243906.0
243916.0
243926.0
243936.0
243946.0
243956.0
243964.4602498977
243964.4602579711
243964.4602821913
243964.46029026472
243966.0
243976.0
384005.6938016425
384005.6938097159
384006.0
384016.0
384016.54213596735
384016.54214404075
384026.0
384035.6938016425
384035.6938097159
384036.0
384045.6938016425
384045.6938097159
384046.0
384055.6938016425
384055.6938097159
384056.0
384066.0
384067.187308136
384067.1873162094
384076.0
384076.29120423994
384076.29121231334
384076.29122038675
384076.29122846015
384076.29123653355
384076.29124460695
384086.0
384096.0
384098.10608723975
384098.10609531315
384098.10610338656
384098.10611145996
384098.10611953336
384098.10612760676
384098.10613568017
384098.10614375357
384098.10615182697
384098.1061599004
384098.50478853844
384098.50479661184
384105.6938016425
384105.6938097159
384106.0
384115.6938016425
384115.6938097159
384116.0
384125.6938016425
384125.6938097159
384126.0
384136.0
384146.0
384156.0
384166.0
384176.0
384186.0
384196.0
384206.0
384216.0
384226.0
384236.0
384246.0
384256.0
384266.0
384276.0
384286.0
384296.0
384306.0
384316.0
384326.0
384336.0
384346.0
384356.0
384366.0
384376.0
384386.0
384396.0
384406.0
384416.0
384426.0
384436.0
384446.0
384456.0
384466.0
384476.0
384486.0
384496.0
384506.0
384516.0
384526.0
384536.0
384546.0
384556.0
384566.0
384576.0
384586.0
384596.0
384606.0
384616.0
384626.0
384636.0
384646.0
384656.0
384666.0
384676.0
384686.0
384696.0
384706.0
384716.0
384726.0
384736.0
384746.0
384756.0
384766.0
384776.0
384786.0
384796.0
384806.0
384816.0
384826.0
384836.0
384846.0
384856.0
384866.0
384876.0
384886.0
384896.0
384906.0
384916.0
384926.0
384936.0
384946.0
384956.0
500006.0
500006.07001455274
500016.0
500016.07001455274
500026.0
500026.07001455274
500036.0
500046.0
500046.01926964446
500056.0
500056.01926964446
500066.0
500066.01926964446
500076.0
500076.01926964446
500086.0
500086.01926964446
500096.0
500096.01926964446
500106.0
500106.07001455274
500116.0
500116.07001455274
500126.0
500126.01926964446
500136.0
500136.01926964446
500146.0
500146.07001455274
500156.0
500166.0
500175.67131325405
500176.0
500176.07001455274
500186.0
500186.1733535673
500196.0
500206.0
500206.1733535673
500216.0
500226.0
500226.01926964446
500236.0
500236.01926964446
500246.0
500256.0
500266.0
500276.0
500286.0
500296.0
500306.0
500316.0
500326.0
500336.0
500346.0
500356.0
500366.0
500376.0
500386.0
500396.0
500406.0
500416.0
500426.0
500436.0
500446.0
500456.0
500466.0
500476.0
500486.0
500496.0
500506.0
500516.0
500526.0
500536.0
500546.0
500556.0
500566.0
500576.0
500586.0
500596.0
500606.0
500616.0
500626.0
500636.0
500646.0
500656.0
500666.0
500676.0
500686.0
500696.0
500706.0
500716.0
500726.0
500730.16494428023
500736.0
500746.0
500756.0
500766.0
500776.0
500786.0
500796.0
500806.0
500816.0
500826.0
500836.0
500846.0
500856.0
500866.0
500876.0
500886.0
500896.0
500906.0
500916.0
500926.0
500936.0
500946.0
500956.0
500966.0
500976.0
500986.0
500996.0
501006.0
501016.0
501026.0
501036.0
613006.0
613008.5807672432
613016.0
613026.0
613028.5807672432
613036.0
613038.5807672432
613046.0
613048.5807672432
613056.0
613058.5807672432
613066.0
613068.5807672432
613076.0
613078.2820659445
613086.0
613088.2820659445
613096.0
613098.2820659445
613106.0
613108.2820659445
613116.0
613118.2820659445
613126.0
613128.2820659445
613136.0
613138.2820659445
613146.0
613148.2820659445
613156.0
613158.2820659445
613166.0
613168.2820659445
613176.0
613178.2820659445
613186.0
613190.7420737266
613196.0
613198.2820659445
613206.0
613208.2820659445
613216.0
613218.2820659445
613226.0
613228.2820659445
613236.0
613238.2820659445
613246.0
613248.2820659445
613256.0
613266.0
613276.0
613286.0
613296.0
613306.0
613316.0
613326.0
613336.0
613346.0
613356.0
613366.0
613376.0
613386.0
613396.0
613406.0
613416.0
613426.0
613436.0
613446.0
613456.0
613466.0
613476.0
613486.0
613496.0
613506.0
613516.0
613526.0
613536.0
613546.0
613556.0
613566.0
613576.0
613586.0
613596.0
613606.0
613616.0
613626.0
613636.0
613646.0
613656.0
613666.0
613676.0
613686.0
613696.0
613706.0
613716.0
613726.0
613736.0
613746.0
613756.0
57003.13514534527
57003.13515341867
57006.0
57016.0
57026.0
57027.035145345275
57027.03515341867
57036.0
57046.0
57056.0
57066.0
57076.0
57086.0
57096.0
57106.0
57116.0
57126.0
57136.0
57146.0
57156.0
57166.0
57176.0
57186.0
57196.0
57206.0
57216.0
57226.0
57236.0
57246.0
57256.0
57266.0
57276.0
57286.0
57296.0
57306.0
57316.0
57326.0
57336.0
57346.0
57356.0
57366.0
57376.0
57386.0
57396.0
57406.0
57416.0
57426.0
57436.0
57446.0
57456.0
57466.0
57476.0
57486.0
57496.0
57506.0
57516.0
57526.0
57536.0
57546.0
57556.0
57566.0
57576.0
57586.0
57596.0
57606.0
57616.0
57626.0
57636.0
57646.0
57656.0
57666.0
57676.0
57686.0
57696.0
57706.0
57716.0
57726.0
57736.0
57746.0
57756.0
57766.0
57776.0
57786.0
57796.0
57806.0
57816.0
57826.0
57836.0
57846.0
57856.0
57866.0
57876.0
57886.0
57896.0
57906.0
57916.0
57926.0
57936.0
57946.0
57956.0
57966.0
57976.0
57986.0
57996.0
58006.0
58016.0
58026.0
58036.0
58046.0
58056.0
58066.0
58076.0
58086.0
58096.0
58106.0
58116.0
58126.0
58136.0
58146.0
58156.0
58166.0
58176.0
133006.0
133007.21629309765
133007.21630117105
133016.0
133017.21629309765
133017.21630117105
133026.0
133027.21629309765
133027.21630117105
133036.0
133037.21629309765
133037.21630117105
133046.0
133047.21629309765
133047.21630117105
133056.0
133057.21629309765
133057.21630117105
133066.0
133067.51499439636
133067.51500246977
133076.0
133077.21629309765
133077.21630117105
133086.0
133087.21629309765
133087.21630117105
133096.0
133097.21629309765
133097.21630117105
133106.0
133116.0
133117.21629309765
133117.21630117105
133126.0
133127.21629309765
133127.21630117105
133136.0
133146.0
133156.0
133166.0
133176.0
133186.0
133196.0
133206.0
133216.0
133226.0
133236.0
133246.0
133256.0
133266.0
133276.0
133286.0
133296.0
133306.0
133316.0
133326.0
133336.0
133346.0
133356.0
133366.0
133376.0
133386.0
133396.0
133406.0
133416.0
133426.0
133436.0
133446.0
133456.0
133466.0
133476.0
133486.0
133496.0
133506.0
133516.0
133526.0
133536.0
133546.0
133556.0
133566.0
133576.0
133586.0
133596.0
133606.0
133616.0
133626.0
133636.0
133646.0
133656.0
133666.0
133676.0
133686.0
133696.0
133706.0
133716.0
133726.0
133736.0
133746.0
133756.0
133766.0
133776.0
133786.0
133796.0
133806.0
133816.0
133826.0
133836.0
133846.0
133856.0
133866.0
133876.0
133886.0
133896.0
133906.0
133916.0
133926.0
133936.0
133946.0
133956.0
133966.0
133976.0
133986.0
133996.0
134006.0
134016.0
134026.0
134036.0
134046.0
134056.0
134066.0
134076.0
134086.0
134096.0
134106.0
134116.0
243005.43997168652
243005.43997975992
243006.0
243015.43997168652
243015.43997975992
243016.0
243025.43997168652
243025.43997975992
243026.0
243036.0
243045.43997168652
243045.43997975992
243046.0
243055.43997168652
243055.43997975992
243056.0
243066.0
243074.0844634897
243074.0844715631
243076.0
243084.0844634897
243084.0844715631
243086.0
243094.0844634897
243094.0844715631
243096.0
243104.0844634897
243104.0844715631
243106.0
243114.0844634897
243114.0844715631
243116.0
243124.0844634897
243124.0844715631
243126.0
243134.0844634897
243134.0844715631
243136.0
243146.0
243156.0
243166.0
243176.0
243186.0
243196.0
243206.0
243216.0
243226.0
243236.0
243246.0
243256.0
243266.0
243276.0
243286.0
243296.0
243306.0
243316.0
243326.0
243336.0
243346.0
243356.0
243366.0
243376.0
243386.0
243396.0
243406.0
243416.0
243426.0
243436.0
243446.0
243456.0
243466.0
243476.0
243486.0
243496.0
243506.0
243516.0
243526.0
243536.0
243546.0
243556.0
243566.0
243576.0
243586.0
243596.0
243606.0
243616.0
243626.0
243636.0
243646.0
243656.0
243666.0
243676.0
243686.0
243696.0
243706.0
243716.0
243726.0
243736.0
243746.0
243756.0
243766.0
243776.0
243786.0
243796.0
243806.0
243816.0
243826.0
243836.0
243846.0
243856.0
243866.0
243876.0
243886.0
243896.0
243906.0
243916.0
243926.0
243936.0
243946.0
243956.0
243964.4602498977
243964.4602579711
243966.0
243976.0
384005.6938016425
384005.6938097159
384006.0
384015.6938016425
384015.6938097159
384016.0
384026.0
384035.6938016425
384035.6938097159
384036.0
384045.6938016425
384045.6938097159
384046.0
384055.6938016425
384055.6938097159
384056.0
384066.0
384075.84473336994
384075.84474144335
384076.0
384085.6938016425
384085.6938097159
384086.0
384095.6938016425
384095.6938097159
384096.0
384105.6938016425
384105.6938097159
384106.0
384116.0
384116.54213596735
384116.54214404075
384125.6938016425
384125.6938097159
384126.0
384136.0
384146.0
384156.0
384166.0
384176.0
384186.0
384196.0
384206.0
384216.0
384226.0
384236.0
384246.0
384256.0
384266.0
384276.0
384286.0
384296.0
384306.0
384316.0
384326.0
384336.0
384346.0
384356.0
384366.0
384376.0
384386.0
384396.0
384406.0
384416.0
384426.0
384436.0
384446.0
384456.0
384466.0
384476.0
384486.0
384496.0
384506.0
384516.0
384526.0
384536.0
384546.0
384556.0
384566.0
384576.0
384586.0
384596.0
384606.0
384616.0
384626.0
384636.0
384646.0
384656.0
384666.0
384676.0
384686.0
384696.0
384706.0
384716.0
384726.0
384736.0
384746.0
384756.0
384766.0
384776.0
384786.0
384796.0
384806.0
384816.0
384826.0
384836.0
384846.0
384856.0
384866.0
384876.0
384886.0
384896.0
384906.0
384916.0
384926.0
384936.0
384946.0
384956.0
500006.0
500006.07001455274
500016.0
500016.07001455274
500026.0
500035.67131325405
500036.0
500041.2072848664
500045.67131325405
500046.0
500056.0
500065.67131325405
500066.0
500066.07001455274
500076.0
500076.07001455274
500086.0
500086.07001455274
500096.0
500096.07001455274
500106.0
500116.0
500116.1733535673
500126.0
500126.01926964446
500136.0
500136.07001455274
500146.0
500146.07001455274
500156.0
500156.07001455274
500166.0
500175.5905828985
500176.0
500185.7746522686
500186.0
500186.1733535673
500196.0
500196.1733535673
500206.0
500206.1733535673
500216.0
500216.1733535673
500226.0
500226.07001455274
500236.0
500236.01926964446
500246.0
500256.0
500266.0
500276.0
500286.0
500296.0
500306.0
500316.0
500326.0
500336.0
500346.0
500356.0
500366.0
500376.0
500386.0
500396.0
500406.0
500416.0
500426.0
500436.0
500446.0
500456.0
500466.0
500476.0
500486.0
500496.0
500506.0
500516.0
500526.0
500536.0
500546.0
500556.0
500566.0
500576.0
500586.0
500596.0
500606.0
500616.0
500626.0
500636.0
500646.0
500656.0
500666.0
500676.0
500686.0
500696.0
500706.0
500716.0
500726.0
500736.0
500746.0
500756.0
500766.0
500776.0
500786.0
500796.0
500806.0
500816.0
500826.0
500836.0
500846.0
500847.3072848664
500856.0
500866.0
500876.0
500886.0
500896.0
500906.0
500916.0
500926.0
500936.0
500946.0
500956.0
500966.0
500976.0
500986.0
500996.0
501006.0
501016.0
501026.0
501036.0
613006.0
613008.2820659445
613016.0
613026.0
613028.2820659445
613036.0
613038.2820659445
613046.0
613048.2820659445
613056.0
613058.2820659445
613066.0
613068.2820659445
613076.0
613078.2820659445
613086.0
613088.2820659445
613096.0
613098.2820659445
613106.0
613108.2820659445
613116.0
613118.2820659445
613126.0
613136.0
613138.2820659445
613146.0
613148.2820659445
613156.0
613158.2820659445
613166.0
613168.2820659445
613176.0
613178.2820659445
613186.0
613188.2820659445
613196.0
613198.2820659445
613206.0
613208.2820659445
613216.0
613218.2820659445
613226.0
613228.2820659445
613236.0
613238.2820659445
613246.0
613248.2820659445
613256.0
613266.0
613276.0
613286.0
613296.0
613306.0
613316.0
613326.0
613336.0
613346.0
613356.0
613366.0
613376.0
613386.0
613396.0
613406.0
613416.0
613426.0
613436.0
613446.0
613456.0
613466.0
613476.0
613486.0
613496.0
613506.0
613516.0
613526.0
613536.0
613546.0
613556.0
613566.0
613576.0
613586.0
613596.0
613606.0
613616.0
613626.0
613636.0
613646.0
613656.0
613666.0
613676.0
613686.0
613696.0
613706.0
613716.0
613726.0
613736.0
613746.0
613756.0
57003.35677768149
57003.356785754884
57006.0
57016.0
57023.035145345275
57023.03515341867
57026.0
57036.0
57046.0
57056.0
57066.0
57076.0
57086.0
57096.0
57106.0
57116.0
57126.0
57136.0
57146.0
57156.0
57166.0
57176.0
57186.0
57196.0
57206.0
57216.0
57226.0
57236.0
57246.0
57256.0
57266.0
57276.0
57286.0
57296.0
57306.0
57316.0
57326.0
57336.0
57346.0
57356.0
57366.0
57376.0
57386.0
57396.0
57406.0
57416.0
57426.0
57436.0
57446.0
57456.0
57466.0
57476.0
57486.0
57496.0
57506.0
57516.0
57526.0
57536.0
57546.0
57556.0
57566.0
57576.0
57586.0
57596.0
57606.0
57616.0
57626.0
57636.0
57646.0
57656.0
57666.0
57676.0
57686.0
57696.0
57706.0
57716.0
57726.0
57736.0
57746.0
57756.0
57766.0
57776.0
57786.0
57796.0
57806.0
57816.0
57826.0
57836.0
57846.0
57856.0
57866.0
57876.0
57886.0
57896.0
57906.0
57916.0
57926.0
57936.0
57946.0
57956.0
57966.0
57976.0
57986.0
57996.0
58006.0
58016.0
58026.0
58036.0
58046.0
58056.0
58066.0
58076.0
58086.0
58096.0
58106.0
58116.0
58126.0
58136.0
58146.0
58156.0
58166.0
58176.0
133006.0
133007.21629309765
133007.21630117105
133016.0
133017.21629309765
133017.21630117105
133026.0
133027.21629309765
133027.21630117105
133036.0
133037.21629309765
133037.21630117105
133046.0
133047.21629309765
133047.21630117105
133056.0
133057.21629309765
133057.21630117105
133066.0
133067.21629309765
133067.21630117105
133076.0
133077.21629309765
133077.21630117105
133086.0
133087.21629309765
133087.21630117105
133096.0
133097.21629309765
133097.21630117105
133106.0
133107.21629309765
133107.21630117105
133116.0
133117.21629309765
133117.21630117105
133126.0
133136.0
133146.0
133156.0
133166.0
133174.34839445647
133174.34840252987
133176.0
133186.0
133196.0
133206.0
133216.0
133226.0
133236.0
133246.0
133256.0
133266.0
133276.0
133286.0
133296.0
133306.0
133316.0
133326.0
133336.0
133346.0
133356.0
133366.0
133376.0
133386.0
133396.0
133406.0
133416.0
133426.0
133436.0
133446.0
133456.0
133466.0
133476.0
133486.0
133496.0
133506.0
133516.0
133526.0
133536.0
133546.0
133556.0
133566.0
133576.0
133586.0
133596.0
133606.0
133616.0
133626.0
133636.0
133646.0
133656.0
133666.0
133676.0
133686.0
133696.0
133706.0
133716.0
133726.0
133736.0
133746.0
133756.0
133766.0
133776.0
133786.0
133796.0
133806.0
133816.0
133826.0
133836.0
133846.0
133856.0
133866.0
133876.0
133886.0
133896.0
133906.0
133916.0
133926.0
133936.0
133946.0
133956.0
133966.0
133976.0
133986.0
133996.0
134006.0
134016.0
134026.0
134036.0
134046.0
134056.0
134066.0
134076.0
134086.0
134096.0
134106.0
134116.0
243005.43997168652
243005.43997975992
243006.0
243015.43997168652
243015.43997975992
243016.0
243025.43997168652
243025.43997975992
243026.0
243035.4036837886
243035.403691862
243036.0
243045.43997168652
243045.43997975992
243046.0
243055.43997168652
243055.43997975992
243056.0
243065.43997168652
243065.43997975992
243066.0
243075.43997168652
243075.43997975992
243076.0
243085.43997168652
243085.43997975992
243086.0
243095.43997168652
243095.43997975992
243096.0
243105.43997168652
243105.43997975992
243106.0
243115.43997168652
243115.43997975992
243116.0
243125.43997168652
243125.43997975992
243126.0
243136.0
243146.0
243156.0
243166.0
243176.0
243186.0
243196.0
243206.0
243216.0
243226.0
243236.0
243246.0
243256.0
243266.0
243276.0
243286.0
243296.0
243306.0
243316.0
243326.0
243336.0
243346.0
243356.0
243366.0
243376.0
243386.0
243396.0
243406.0
243416.0
243426.0
243436.0
243446.0
243456.0
243466.0
243476.0
243486.0
243496.0
243506.0
243516.0
243526.0
243536.0
243546.0
243556.0
243566.0
243576.0
243586.0
243596.0
243606.0
243616.0
243626.0
243636.0
243646.0
243656.0
243666.0
243676.0
243686.0
243696.0
243706.0
243716.0
243726.0
243736.0
243746.0
243756.0
243766.0
243776.0
243786.0
243796.0
243806.0
243816.0
243826.0
243836.0
243846.0
243856.0
243866.0
243876.0
243886.0
243896.0
243906.0
243916.0
243926.0
243936.0
243939.4602498977
243939.4602579711
243946.0
243956.0
243966.0
243976.0
384005.6938016425
384005.6938097159
384006.0
384016.0
384016.54213596735
384016.54214404075
384025.6938016425
384025.6938097159
384026.0
384035.6938016425
384035.6938097159
384036.0
384045.6938016425
384045.6938097159
384046.0
384055.6938016425
384055.6938097159
384056.0
384066.0
384066.54213596735
384066.54214404075
384075.6938016425
384075.6938097159
384076.0
384086.0
384096.0
384105.2951003438
384105.2951084172
384106.0
384115.2951003438
384115.2951084172
384116.0
384125.2951003438
384125.2951084172
384126.0
384135.84473336994
384135.84474144335
384136.0
384146.0
384156.0
384166.0
384176.0
384186.0
384196.0
384206.0
384216.0
384226.0
384236.0
384246.0
384256.0
384266.0
384276.0
384286.0
384296.0
384306.0
384316.0
384326.0
384336.0
384346.0
384356.0
384366.0
384376.0
384386.0
384396.0
384406.0
384411.5871648757
384411.5871729491
384416.0
384426.0
384436.0
384446.0
384456.0
384466.0
384476.0
384486.0
384496.0
384506.0
384516.0
384526.0
384536.0
384546.0
384556.0
384566.0
384576.0
384586.0
384596.0
384606.0
384616.0
384626.0
384636.0
384646.0
384656.0
384666.0
384676.0
384686.0
384696.0
384706.0
384716.0
384726.0
384736.0
384746.0
384756.0
384766.0
384776.0
384786.0
384796.0
384806.0
384816.0
384826.0
384836.0
384846.0
384852.5871487289
384852.5871568023
384856.0
384866.0
384876.0
384886.0
384896.0
384906.0
384916.0
384926.0
384936.0
384946.0
384956.0
500006.0
500006.07001455274
500016.0
500016.1733535673
500026.0
500026.01926964446
500036.0
500036.01926964446
500046.0
500046.1733535673
500056.0
500056.1733535673
500066.0
500075.62056834577
500076.0
500076.01926964446
500086.0
500086.01926964446
500096.0
500096.01926964446
500106.0
500106.01926964446
500116.0
500116.1733535673
500126.0
500126.01926964446
500136.0
500136.01926964446
500146.0
500155.62056834577
500156.0
500156.01926964446
500166.0
500166.07001455274
500176.0
500176.01926964446
500186.0
500195.7746522686
500196.0
500196.1733535673
500206.0
500206.01926964446
500216.0
500216.1733535673
500226.0
500226.01926964446
500236.0
500236.1733535673
500246.0
500256.0
500266.0
500276.0
500286.0
500296.0
500306.0
500316.0
500326.0
500336.0
500346.0
500356.0
500366.0
500376.0
500386.0
500396.0
500406.0
500416.0
500426.0
500436.0
500446.0
500456.0
500466.0
500476.0
500486.0
500496.0
500506.0
500516.0
500526.0
500536.0
500546.0
500556.0
500566.0
500576.0
500586.0
500596.0
500606.0
500616.0
500626.0
500636.0
500646.0
500647.3072848664
500656.0
500666.0
500676.0
500686.0
500696.0
500706.0
500716.0
500726.0
500736.0
500746.0
500756.0
500766.0
500776.0
500786.0
500796.0
500806.0
500816.0
500826.0
500836.0
500846.0
500856.0
500866.0
500876.0
500886.0
500896.0
500906.0
500916.0
500926.0
500936.0
500946.0
500956.0
500966.0
500976.0
500986.0
500996.0
501005.2072848664
501006.0
501016.0
501026.0
501036.0
613006.0
613008.2820659445
613016.0
613018.2820659445
613026.0
613028.2820659445
613036.0
613046.0
613048.2820659445
613056.0
613058.2820659445
613066.0
613068.2820659445
613076.0
613078.2820659445
613086.0
613088.2820659445
613096.0
613098.2820659445
613106.0
613108.2820659445
613116.0
613118.2820659445
613126.0
613128.2820659445
613136.0
613138.2820659445
613146.0
613148.2820659445
613156.0
613158.2820659445
613166.0
613168.2820659445
613176.0
613178.2820659445
613186.0
613188.2820659445
613196.0
613198.2820659445
613206.0
613208.2820659445
613216.0
613218.2820659445
613226.0
613228.2820659445
613236.0
613238.2820659445
613246.0
613256.0
613266.0
613276.0
613286.0
613296.0
613306.0
613316.0
613326.0
613336.0
613346.0
613356.0
613366.0
613376.0
613386.0
613396.0
613406.0
613416.0
613426.0
613436.0
613446.0
613456.0
613466.0
613476.0
613486.0
613496.0
613506.0
613516.0
613526.0
613536.0
613546.0
613556.0
613566.0
613576.0
613586.0
613596.0
613606.0
613616.0
613626.0
613636.0
613646.0
613656.0
613666.0
613676.0
613686.0
613696.0
613706.0
613716.0
613726.0
613736.0
613746.0
613756.0
57002.58979487529
57002.589802948685
57006.0
57016.0
57023.035145345275
57023.03515341867
57026.0
57036.0
57046.0
57056.0
57066.0
57076.0
57086.0
57096.0
57106.0
57116.0
57126.0
57136.0
57146.0
57156.0
57166.0
57176.0
57186.0
57196.0
57206.0
57216.0
57226.0
57236.0
57246.0
57256.0
57266.0
57276.0
57286.0
57296.0
57306.0
57316.0
57326.0
57336.0
57346.0
57356.0
57366.0
57376.0
57386.0
57396.0
57406.0
57416.0
57426.0
57436.0
57446.0
57456.0
57466.0
57476.0
57486.0
57496.0
57506.0
57516.0
57526.0
57536.0
57546.0
57556.0
57566.0
57576.0
57586.0
57596.0
57606.0
57616.0
57626.0
57636.0
57646.0
57656.0
57666.0
57676.0
57686.0
57696.0
57706.0
57716.0
57726.0
57736.0
57746.0
57756.0
57766.0
57776.0
57786.0
57796.0
57806.0
57816.0
57826.0
57836.0
57846.0
57856.0
57866.0
57876.0
57886.0
57896.0
57906.0
57916.0
57926.0
57936.0
57946.0
57956.0
57966.0
57976.0
57986.0
57996.0
58006.0
58016.0
58026.0
58036.0
58046.0
58056.0
58066.0
58076.0
58086.0
58096.0
58106.0
58116.0
58126.0
58136.0
58146.0
58156.0
58166.0
58176.0
133006.0
133007.21629309765
133007.21630117105
133016.0
133017.21629309765
133017.21630117105
133026.0
133027.21629309765
133027.21630117105
133036.0
133037.21629309765
133037.21630117105
133046.0
133047.21629309765
133047.21630117105
133056.0
133057.21629309765
133057.21630117105
133066.0
133067.21629309765
133067.21630117105
133076.0
133077.21629309765
133077.21630117105
133086.0
133087.21629309765
133087.21630117105
133096.0
133097.21629309765
133097.21630117105
133106.0
133107.21629309765
133107.21630117105
133116.0
133117.21629309765
133117.21630117105
133126.0
133127.21629309765
133127.21630117105
133136.0
133146.0
133156.0
133166.0
133174.34839445647
133174.34840252987
133176.0
133186.0
133196.0
133206.0
133216.0
133226.0
133236.0
133246.0
133256.0
133266.0
133276.0
133286.0
133296.0
133306.0
133316.0
133326.0
133336.0
133346.0
133356.0
133366.0
133376.0
133386.0
133396.0
133406.0
133416.0
133426.0
133436.0
133446.0
133456.0
133466.0
133476.0
133486.0
133496.0
133506.0
133516.0
133526.0
133536.0
133546.0
133556.0
133566.0
133576.0
133586.0
133596.0
133606.0
133616.0
133626.0
133636.0
133646.0
133656.0
133666.0
133676.0
133686.0
133696.0
133706.0
133716.0
133726.0
133736.0
133746.0
133756.0
133766.0
133776.0
133786.0
133796.0
133806.0
133816.0
133826.0
133836.0
133846.0
133856.0
133866.0
133876.0
133886.0
133896.0
133906.0
133916.0
133926.0
133936.0
133946.0
133956.0
133966.0
133976.0
133986.0
133996.0
134006.0
134016.0
134026.0
134036.0
134046.0
134056.0
134066.0
134076.0
134086.0
134096.0
134106.0
134116.0
243006.0
243015.43997168652
243015.43997975992
243016.0
243025.43997168652
243025.43997975992
243026.0
243035.43997168652
243035.43997975992
243036.0
243045.43997168652
243045.43997975992
243046.0
243055.43997168652
243055.43997975992
243056.0
243065.43997168652
243065.43997975992
243066.0
243075.43997168652
243075.43997975992
243076.0
243085.43997168652
243085.43997975992
243086.0
243095.43997168652
243095.43997975992
243096.0
243105.43997168652
243105.43997975992
243106.0
243115.43997168652
243115.43997975992
243116.0
243125.43997168652
243125.43997975992
243126.0
243136.0
243146.0
243156.0
243166.0
243176.0
243186.0
243196.0
243206.0
243216.0
243226.0
243236.0
243246.0
243256.0
243266.0
243276.0
243286.0
243296.0
243306.0
243316.0
243326.0
243336.0
243346.0
243356.0
243366.0
243376.0
243386.0
243396.0
243406.0
243416.0
243426.0
243436.0
243446.0
243456.0
243466.0
243476.0
243486.0
243496.0
243506.0
243516.0
243526.0
243536.0
243546.0
243556.0
243566.0
243576.0
243586.0
243596.0
243606.0
243616.0
243626.0
243636.0
243646.0
243656.0
243666.0
243676.0
243686.0
243696.0
243706.0
243716.0
243726.0
243736.0
243746.0
243756.0
243766.0
243776.0
243786.0
243796.0
243806.0
243816.0
243826.0
243836.0
243846.0
243856.0
243866.0
243876.0
243886.0
243896.0
243906.0
243916.0
243926.0
243936.0
243939.4602498977
243939.4602579711
243946.0
243956.0
243966.0
243976.0
384006.0
384006.4739637057
384016.0
384016.4739637057
384016.8726650044
384026.0
384036.0
384036.4739637057
384046.0
384046.4739637057
384056.0
384056.4739637057
384066.0
384066.4739637057
384066.8726650044
384076.0
384076.8726650044
384086.0
384086.8726650044
384096.0
384096.8726650044
384106.0
384106.8726650044
384116.0
384116.8726650044
384126.0
384126.8726650044
384136.0
384146.0
384156.0
384166.0
384176.0
384186.0
384196.0
384206.0
384216.0
384226.0
384236.0
384246.0
384256.0
384266.0
384276.0
384286.0
384296.0
384306.0
384316.0
384326.0
384336.0
384346.0
384356.0
384366.0
384376.0
384386.0
384396.0
384406.0
384416.0
384426.0
384436.0
384446.0
384456.0
384466.0
384476.0
384486.0
384496.0
384506.0
384516.0
384526.0
384536.0
384546.0
384556.0
384566.0
384576.0
384586.0
384596.0
384606.0
384616.0
384626.0
384636.0
384646.0
384656.0
384666.0
384676.0
384686.0
384696.0
384706.0
384716.0
384726.0
384736.0
384746.0
384756.0
384766.0
384776.0
384786.0
384796.0
384806.0
384816.0
384826.0
384836.0
384846.0
384856.0
384866.0
384876.0
384886.0
384896.0
384906.0
384916.0
384926.0
384936.0
384946.0
384956.0
500006.0
500006.01926964446
500016.0
500016.01926964446
500026.0
500026.01926964446
500036.0
500036.07001455274
500046.0
500056.0
500056.1733535673
500066.0
500076.0
500076.01926964446
500086.0
500086.07001455274
500096.0
500096.01926964446
500106.0
500106.01926964446
500116.0
500126.0
500126.3179709432
500126.31797885307
500136.0
500136.1733535673
500146.0
500146.01926964446
500156.0
500156.01926964446
500166.0
500176.0
500185.7746522686
500185.7746601785
500186.0
500196.0
500205.62056834577
500206.0
500206.01926964446
500216.0
500216.1733535673
500226.0
500226.01926964446
500236.0
500236.01926964446
500246.0
500246.01926964446
500248.0765250339
500256.0
500266.0
500276.0
500286.0
500296.0
500306.0
500316.0
500326.0
500336.0
500346.0
500356.0
500366.0
500376.0
500386.0
500396.0
500406.0
500416.0
500426.0
500436.0
500446.0
500456.0
500466.0
500476.0
500486.0
500496.0
500506.0
500516.0
500526.0
500536.0
500546.0
500556.0
500566.0
500576.0
500586.0
500596.0
500606.0
500616.0
500626.0
500636.0
500646.0
500656.0
500666.0
500676.0
500686.0
500696.0
500706.0
500716.0
500726.0
500736.0
500746.0
500756.0
500766.0
500776.0
500786.0
500796.0
500806.0
500816.0
500826.0
500836.0
500846.0
500856.0
500866.0
500876.0
500886.0
500896.0
500906.0
500916.0
500926.0
500936.0
500946.0
500956.0
500966.0
500976.0
500986.0
500996.0
501006.0
501016.0
501026.0
501036.0
613006.0
613011.0407750253
613016.0
613020.7420737266
613026.0
613030.7420737266
613036.0
613040.7420737266
613046.0
613050.7420737266
613056.0
613060.7420737266
613066.0
613070.7420737266
613076.0
613081.0407750253
613086.0
613091.0407750253
613096.0
613101.0407750253
613106.0
613113.2020815087
613116.0
613126.0
613134.9646866934
613136.0
613137.3199115561
613138.5807672432
613146.0
613150.9200155642
613156.0
613166.0
613168.5807672432
613168.5807751531
613176.0
613186.0
613188.2820659445
613196.0
613198.2820659445
613206.0
613213.5007828074
613216.0
613223.5007828074
613226.0
613228.5807672432
613236.0
613238.5807672432
613246.0
613248.5807672432
613256.0
613266.0
613276.0
613286.0
613296.0
613306.0
613316.0
613326.0
613336.0
613346.0
613356.0
613366.0
613376.0
613386.0
613396.0
613406.0
613407.1825507298
613416.0
613426.0
613436.0
613446.0
613456.0
613466.0
613476.0
613486.0
613496.0
613506.0
613516.0
613526.0
613536.0
613546.0
613556.0
613566.0
613576.0
613586.0
613596.0
613606.0
613616.0
613626.0
613636.0
613646.0
613656.0
613666.0
613676.0
613686.0
613696.0
613706.0
613716.0
613726.0
613736.0
613746.0
613756.0
57003.35677768149
57003.356785754884
57006.0
57016.0
57023.035145345275
57023.03515341867
57026.0
57036.0
57046.0
57056.0
57066.0
57076.0
57086.0
57096.0
57106.0
57116.0
57126.0
57136.0
57146.0
57156.0
57166.0
57176.0
57186.0
57196.0
57206.0
57216.0
57226.0
57236.0
57246.0
57256.0
57266.0
57276.0
57286.0
57296.0
57306.0
57316.0
57326.0
57336.0
57346.0
57356.0
57366.0
57376.0
57386.0
57396.0
57406.0
57416.0
57426.0
57436.0
57446.0
57456.0
57466.0
57476.0
57486.0
57496.0
57506.0
57516.0
57526.0
57536.0
57546.0
57556.0
57566.0
57576.0
57586.0
57596.0
57606.0
57616.0
57626.0
57636.0
57646.0
57656.0
57666.0
57676.0
57686.0
57696.0
57706.0
57716.0
57726.0
57736.0
57746.0
57756.0
57766.0
57776.0
57786.0
57796.0
57806.0
57816.0
57826.0
57836.0
57846.0
57856.0
57866.0
57876.0
57886.0
57896.0
57906.0
57916.0
57926.0
57936.0
57946.0
57956.0
57966.0
57976.0
57986.0
57996.0
58006.0
58016.0
58026.0
58036.0
58046.0
58056.0
58066.0
58076.0
58086.0
58096.0
58106.0
58116.0
58126.0
58136.0
58146.0
58156.0
58166.0
58176.0
133006.0
133016.0
133017.21629309765
133017.21630117105
133026.0
133027.21629309765
133027.21630117105
133036.0
133037.21629309765
133037.21630117105
133046.0
133047.21629309765
133047.21630117105
133056.0
133057.21629309765
133057.21630117105
133066.0
133067.21629309765
133067.21630117105
133076.0
133077.21629309765
133077.21630117105
133086.0
133087.21629309765
133087.21630117105
133096.0
133097.21629309765
133097.21630117105
133106.0
133107.21629309765
133107.21630117105
133116.0
133126.0
133127.21629309765
133127.21630117105
133136.0
133146.0
133156.0
133166.0
133174.34839445647
133174.34840252987
133176.0
133186.0
133196.0
133206.0
133216.0
133226.0
133236.0
133246.0
133256.0
133266.0
133276.0
133286.0
133296.0
133306.0
133316.0
133326.0
133336.0
133346.0
133356.0
133366.0
133376.0
133386.0
133396.0
133406.0
133416.0
133426.0
133436.0
133446.0
133456.0
133466.0
133476.0
133486.0
133496.0
133506.0
133516.0
133526.0
133536.0
133546.0
133556.0
133566.0
133576.0
133586.0
133596.0
133606.0
133616.0
133626.0
133636.0
133646.0
133656.0
133666.0
133676.0
133686.0
133696.0
133706.0
133716.0
133726.0
133736.0
133746.0
133756.0
133766.0
133776.0
133786.0
133796.0
133806.0
133816.0
133826.0
133836.0
133846.0
133856.0
133866.0
133876.0
133886.0
133896.0
133906.0
133916.0
133926.0
133936.0
133946.0
133956.0
133966.0
133976.0
133986.0
133996.0
134006.0
134016.0
134026.0
134036.0
134046.0
134056.0
134066.0
134076.0
134086.0
134096.0
134106.0
134116.0
243005.04127038782
243005.04127846123
243006.0
243006.03737428391
243006.03738235732
243006.03739043072
243006.03739850412
243006.03740657752
243006.03741465093
243016.0
243024.0844634897
243024.0844715631
243024.0844796365
243024.08448770992
243024.08449578332
243024.08450385672
243026.0
243034.0844634897
243034.0844715631
243034.0844796365
243034.08448770992
243034.08449578332
243034.08450385672
243036.0
243045.04127038782
243045.04127846123
243045.04128653463
243045.04129460803
243045.04130268143
243045.04131075484
243046.0
243054.0844634897
243054.0844715631
243056.0
243064.0844634897
243064.0844715631
243065.3565865094
243065.35659458282
243066.0
243076.0
243084.0844634897
243084.0844715631
243085.43997168652
243085.43997975992
243086.0
243095.43997168652
243095.43997975992
243096.0
243105.43997168652
243105.43997975992
243106.0
243115.43997168652
243115.43997975992
243116.0
243125.43997168652
243125.43997975992
243126.0
243136.0
243146.0
243156.0
243166.0
243176.0
243186.0
243196.0
243206.0
243216.0
243226.0
243236.0
243246.0
243256.0
243266.0
243276.0
243286.0
243296.0
243306.0
243316.0
243326.0
243336.0
243346.0
243356.0
243366.0
243376.0
243386.0
243396.0
243406.0
243416.0
243426.0
243436.0
243446.0
243456.0
243466.0
243476.0
243486.0
243496.0
243506.0
243516.0
243526.0
243536.0
243546.0
243556.0
243566.0
243576.0
243586.0
243596.0
243606.0
243616.0
243626.0
243636.0
243646.0
243656.0
243666.0
243676.0
243686.0
243696.0
243706.0
243716.0
243726.0
243736.0
243746.0
243756.0
243766.0
243776.0
243786.0
243796.0
243806.0
243816.0
243826.0
243836.0
243846.0
243856.0
243866.0
243876.0
243886.0
243896.0
243906.0
243916.0
243926.0
243936.0
243939.4602498977
243939.4602579711
243946.0
243956.0
243966.0
243976.0
384006.0
384006.4739637057
384016.0
384016.4739637057
384026.0
384026.4739637057
384036.0
384036.4739637057
384046.0
384046.4739637057
384046.8726650044
384056.0
384066.0
384066.4739637057
384066.8726650044
384076.0
384076.8726650044
384086.0
384086.8726650044
384096.0
384096.8726650044
384106.0
384106.8726650044
384116.0
384116.8726650044
384126.0
384126.8726650044
384136.0
384146.0
384156.0
384166.0
384176.0
384186.0
384196.0
384206.0
384216.0
384226.0
384236.0
384246.0
384256.0
384266.0
384276.0
384286.0
384296.0
384306.0
384316.0
384326.0
384336.0
384346.0
384356.0
384366.0
384376.0
384386.0
384396.0
384406.0
384416.0
384426.0
384436.0
384446.0
384456.0
384466.0
384476.0
384486.0
384496.0
384506.0
384516.0
384526.0
384536.0
384546.0
384556.0
384566.0
384576.0
384586.0
384596.0
384606.0
384616.0
384626.0
384636.0
384646.0
384656.0
384666.0
384676.0
384686.0
384696.0
384706.0
384716.0
384726.0
384736.0
384746.0
384756.0
384766.0
384776.0
384786.0
384796.0
384806.0
384816.0
384826.0
384836.0
384846.0
384856.0
384866.0
384876.0
384886.0
384896.0
384906.0
384916.0
384926.0
384936.0
384946.0
384956.0
500005.7746522686
500006.0
500006.1733535673
500016.0
500016.07001455274
500026.0
500026.07001455274
500036.0
500036.07001455274
500046.0
500046.07001455274
500056.0
500056.07001455274
500066.0
500075.67131325405
500076.0
500085.67131325405
500086.0
500095.67131325405
500096.0
500096.07001455274
500106.0
500115.67131325405
500116.0
500125.67131325405
500126.0
500135.7746522686
500136.0
500145.67131325405
500146.0
500146.07001455274
500156.0
500156.1733535673
500166.0
500166.1733535673
500176.0
500186.0
500186.36871585145
500186.36872376135
500196.0
500205.67131325405
500206.0
500206.07001455274
500216.0
500216.01926964446
500226.0
500226.07001455274
500236.0
500236.1733535673
500246.0
500248.0765250339
500256.0
500266.0
500276.0
500286.0
500296.0
500306.0
500316.0
500326.0
500336.0
500346.0
500356.0
500366.0
500376.0
500386.0
500396.0
500406.0
500416.0
500426.0
500436.0
500446.0
500456.0
500466.0
500476.0
500486.0
500496.0
500506.0
500516.0
500526.0
500536.0
500546.0
500556.0
500566.0
500576.0
500586.0
500596.0
500606.0
500616.0
500626.0
500636.0
500646.0
500656.0
500666.0
500676.0
500686.0
500696.0
500706.0
500716.0
500726.0
500736.0
500746.0
500756.0
500766.0
500776.0
500786.0
500796.0
500806.0
500816.0
500826.0
500836.0
500846.0
500856.0
500866.0
500876.0
500886.0
500896.0
500906.0
500916.0
500926.0
500936.0
500946.0
500956.0
500966.0
500976.0
500986.0
500996.0
501006.0
501016.0
501026.0
501036.0
613006.0
613010.3729750353
613010.3729829453
613010.3729908552
613010.3729987652
613016.0
613018.5807672432
613026.0
613028.5807672432
613036.0
613038.5807672432
613046.0
613048.5807672432
613056.0
613058.5807672432
613066.0
613068.5807672432
613076.0
613086.0
613088.5807672432
613096.0
613106.0
613116.0
613118.5807672432
613126.0
613128.5807672432
613136.0
613138.5807672432
613146.0
613148.5807672432
613156.0
613158.5807672432
613166.0
613176.0
613178.5807672432
613186.0
613196.0
613198.5807672432
613206.0
613208.5807672432
613216.0
613218.5807672432
613226.0
613228.5807672432
613236.0
613238.5807672432
613246.0
613248.5807672432
613256.0
613266.0
613276.0
613286.0
613296.0
613306.0
613316.0
613326.0
613336.0
613346.0
613356.0
613366.0
613376.0
613386.0
613396.0
613406.0
613407.1825507298
613416.0
613426.0
613436.0
613446.0
613456.0
613466.0
613476.0
613486.0
613496.0
613506.0
613516.0
613526.0
613536.0
613546.0
613556.0
613566.0
613576.0
613586.0
613596.0
613606.0
613616.0
613626.0
613636.0
613646.0
613656.0
613666.0
613676.0
613686.0
613696.0
613706.0
613716.0
613726.0
613736.0
613746.0
613756.0
57006.0
57016.0
57023.035145345275
57023.03515341867
57026.0
57036.0
57046.0
57056.0
57066.0
57076.0
57086.0
57096.0
57106.0
57116.0
57126.0
57136.0
57146.0
57156.0
57166.0
57176.0
57186.0
57196.0
57206.0
57216.0
57226.0
57236.0
57246.0
57256.0
57266.0
57276.0
57286.0
57296.0
57306.0
57316.0
57326.0
57336.0
57346.0
57356.0
57366.0
57376.0
57386.0
57396.0
57406.0
57416.0
57426.0
57436.0
57446.0
57456.0
57466.0
57476.0
57486.0
57496.0
57506.0
57516.0
57526.0
57536.0
57546.0
57556.0
57566.0
57576.0
57586.0
57596.0
57606.0
57616.0
57626.0
57636.0
57646.0
57656.0
57666.0
57676.0
57686.0
57696.0
57706.0
57716.0
57726.0
57736.0
57746.0
57756.0
57766.0
57776.0
57786.0
57796.0
57806.0
57816.0
57826.0
57836.0
57846.0
57856.0
57866.0
57876.0
57886.0
57896.0
57906.0
57916.0
57926.0
57936.0
57946.0
57956.0
57966.0
57976.0
57986.0
57996.0
58006.0
58016.0
58026.0
58036.0
58046.0
58056.0
58066.0
58076.0
58086.0
58096.0
58106.0
58116.0
58126.0
58136.0
58146.0
58156.0
58166.0
58176.0
133006.0
133007.21629309765
133007.21630117105
133016.0
133026.0
133027.21629309765
133027.21630117105
133036.0
133037.21629309765
133037.21630117105
133046.0
133056.0
133057.21629309765
133057.21630117105
133066.0
133067.21629309765
133067.21630117105
133076.0
133077.21629309765
133077.21630117105
133086.0
133087.21629309765
133087.21630117105
133096.0
133097.21629309765
133097.21630117105
133106.0
133107.21629309765
133107.21630117105
133116.0
133117.21629309765
133117.21630117105
133126.0
133127.21629309765
133127.21630117105
133136.0
133146.0
133156.0
133166.0
133174.34839445647
133174.34840252987
133176.0
133186.0
133196.0
133206.0
133216.0
133226.0
133236.0
133246.0
133256.0
133266.0
133276.0
133286.0
133296.0
133306.0
133316.0
133326.0
133336.0
133346.0
133356.0
133366.0
133376.0
133386.0
133396.0
133406.0
133416.0
133426.0
133436.0
133446.0
133456.0
133466.0
133476.0
133486.0
133496.0
133506.0
133516.0
133526.0
133536.0
133546.0
133556.0
133566.0
133576.0
133586.0
133596.0
133606.0
133616.0
133626.0
133636.0
133646.0
133656.0
133666.0
133676.0
133686.0
133696.0
133706.0
133716.0
133726.0
133736.0
133746.0
133756.0
133766.0
133776.0
133786.0
133796.0
133806.0
133816.0
133826.0
133836.0
133846.0
133856.0
133866.0
133876.0
133886.0
133896.0
133906.0
133916.0
133926.0
133936.0
133946.0
133956.0
133966.0
133976.0
133986.0
133996.0
134006.0
134016.0
134026.0
134036.0
134046.0
134056.0
134066.0
134076.0
134086.0
134096.0
134106.0
134116.0
243006.0
243014.0844634897
243014.0844715631
243014.0844796365
243014.08448770992
243014.08449578332
243014.08450385672
243016.0
243024.0844634897
243024.0844715631
243024.0844796365
243024.08448770992
243024.08449578332
243024.08450385672
243026.0
243034.0844634897
243034.0844715631
243034.0844796365
243034.08448770992
243034.08449578332
243034.08450385672
243036.0
243036.63477688134
243036.63478495475
243036.63479302815
243036.63480110155
243036.63480917495
243036.63481724836
243036.63482532176
243036.63483339516
243036.63484146856
243036.63484954197
243046.0
243046.63477688134
243046.63478495475
243046.63479302815
243046.63480110155
243046.63480917495
243046.63481724836
243046.63482532176
243046.63483339516
243046.63484146856
243046.63484954197
243056.0
243064.0844634897
243064.0844715631
243064.0844796365
243064.08448770992
243064.08449578332
243064.08450385672
243066.0
243074.0844634897
243074.0844715631
243076.0
243084.0844634897
243084.0844715631
243086.0
243094.0844634897
243094.0844715631
243096.0
243104.0844634897
243104.0844715631
243105.3565865094
243105.35659458282
243106.0
243116.0
243124.0844634897
243124.0844715631
243125.40371608222
243125.40372415562
243126.0
243136.0
243146.0
243156.0
243166.0
243176.0
243186.0
243196.0
243206.0
243216.0
243226.0
243236.0
243246.0
243256.0
243266.0
243276.0
243286.0
243296.0
243306.0
243316.0
243326.0
243336.0
243346.0
243356.0
243366.0
243376.0
243386.0
243396.0
243406.0
243416.0
243426.0
243436.0
243446.0
243456.0
243466.0
243476.0
243486.0
243496.0
243506.0
243516.0
243526.0
243536.0
243546.0
243556.0
243566.0
243576.0
243586.0
243596.0
243606.0
243616.0
243626.0
243636.0
243646.0
243656.0
243666.0
243676.0
243686.0
243696.0
243706.0
243716.0
243726.0
243736.0
243746.0
243756.0
243766.0
243776.0
243786.0
243796.0
243806.0
243816.0
243826.0
243836.0
243846.0
243856.0
243866.0
243876.0
243886.0
243896.0
243906.0
243916.0
243926.0
243936.0
243939.4602498977
243939.4602579711
243946.0
243956.0
243966.0
243976.0
384006.0
384016.0
384016.8726650044
384026.0
384026.8726650044
384036.0
384036.8726650044
384046.0
384056.0
384056.8726650044
384066.0
384066.8726650044
384076.0
384086.0
384086.8726650044
384096.0
384096.8726650044
384106.0
384106.8726650044
384116.0
384116.8726650044
384126.0
384126.8726650044
384136.0
384146.0
384156.0
384166.0
384176.0
384186.0
384196.0
384206.0
384216.0
384226.0
384236.0
384246.0
384256.0
384266.0
384276.0
384286.0
384296.0
384306.0
384316.0
384326.0
384336.0
384346.0
384356.0
384366.0
384376.0
384386.0
384396.0
384406.0
384416.0
384426.0
384436.0
384446.0
384456.0
384466.0
384476.0
384486.0
384496.0
384506.0
384516.0
384526.0
384536.0
384546.0
384556.0
384566.0
384576.0
384586.0
384596.0
384606.0
384616.0
384626.0
384636.0
384646.0
384656.0
384666.0
384676.0
384686.0
384696.0
384700.91247034346
384706.0
384716.0
384726.0
384736.0
384746.0
384756.0
384766.0
384776.0
384786.0
384796.0
384806.0
384816.0
384826.0
384836.0
384846.0
384856.0
384866.0
384876.0
384886.0
384896.0
384906.0
384916.0
384926.0
384936.0
384946.0
384956.0
500005.62056834577
500006.0
500006.01926964446
500016.0
500016.07001455274
500026.0
500026.1733535673
500036.0
500046.0
500046.36871585145
500046.36872376135
500056.0
500056.1733535673
500066.0
500075.7746522686
500076.0
500085.7746522686
500086.0
500086.1733535673
500096.0
500096.1733535673
500106.0
500115.67131325405
500116.0
500116.07001455274
500126.0
500126.1733535673
500136.0
500136.01926964446
500146.0
500155.7746522686
500156.0
500165.67131325405
500166.0
500166.07001455274
500176.0
500186.0
500186.36871585145
500186.36872376135
500196.0
500205.62056834577
500205.62057625566
500205.62058416556
500206.0
500215.62056834577
500216.0
500216.01926964446
500226.0
500226.07001455274
500236.0
500245.67131325405
500246.0
500246.07001455274
500256.0
500266.0
500276.0
500286.0
500296.0
500306.0
500316.0
500326.0
500336.0
500346.0
500356.0
500366.0
500376.0
500386.0
500396.0
500406.0
500416.0
500426.0
500436.0
500446.0
500456.0
500466.0
500476.0
500486.0
500496.0
500506.0
500516.0
500526.0
500536.0
500546.0
500556.0
500566.0
500576.0
500586.0
500596.0
500606.0
500616.0
500626.0
500636.0
500646.0
500656.0
500666.0
500676.0
500686.0
500696.0
500706.0
500716.0
500726.0
500736.0
500746.0
500756.0
500766.0
500776.0
500786.0
500796.0
500806.0
500816.0
500826.0
500836.0
500846.0
500856.0
500866.0
500876.0
500886.0
500896.0
500906.0
500916.0
500926.0
500936.0
500946.0
500956.0
500966.0
500976.0
500986.0
500996.0
501006.0
501016.0
501026.0
501036.0
613006.0
613008.2820659445
613016.0
613026.0
613028.2820659445
613028.6171708135
613036.0
613046.0
613048.2820659445
613056.0
613058.2820659445
613066.0
613076.0
613078.2820659445
613086.0
613088.2820659445
613096.0
613098.2820659445
613106.0
613108.2820659445
613116.0
613118.2820659445
613126.0
613128.2820659445
613136.0
613138.2820659445
613146.0
613148.2820659445
613156.0
613158.2820659445
613166.0
613168.2820659445
613176.0
613178.2820659445
613186.0
613188.2820659445
613196.0
613198.2820659445
613206.0
613208.2820659445
613216.0
613218.2820659445
613226.0
613228.2820659445
613236.0
613238.2820659445
613246.0
613248.2820659445
613256.0
613266.0
613276.0
613286.0
613296.0
613306.0
613316.0
613326.0
613336.0
613346.0
613356.0
613366.0
613376.0
613386.0
613396.0
613406.0
613416.0
613426.0
613436.0
613446.0
613456.0
613466.0
613476.0
613486.0
613496.0
613506.0
613516.0
613526.0
613536.0
613546.0
613556.0
613566.0
613576.0
613586.0
613596.0
613606.0
613616.0
613626.0
613636.0
613646.0
613656.0
613666.0
613676.0
613686.0
613696.0
613706.0
613716.0
613726.0
613736.0
613746.0
613756.0
57003.13514534527
57003.13515341867
57006.0
57016.0
57026.0
57027.035145345275
57027.03515341867
57036.0
57046.0
57056.0
57066.0
57076.0
57086.0
57096.0
57106.0
57116.0
57126.0
57136.0
57146.0
57156.0
57166.0
57176.0
57186.0
57196.0
57206.0
57216.0
57226.0
57236.0
57246.0
57256.0
57266.0
57276.0
57286.0
57296.0
57306.0
57316.0
57326.0
57336.0
57346.0
57356.0
57366.0
57376.0
57386.0
57396.0
57406.0
57416.0
57426.0
57436.0
57446.0
57456.0
57466.0
57476.0
57486.0
57496.0
57506.0
57516.0
57526.0
57536.0
57546.0
57556.0
57566.0
57576.0
57586.0
57596.0
57606.0
57616.0
57626.0
57636.0
57646.0
57656.0
57666.0
57676.0
57686.0
57696.0
57706.0
57716.0
57726.0
57736.0
57746.0
57756.0
57766.0
57776.0
57786.0
57796.0
57806.0
57816.0
57826.0
57836.0
57846.0
57856.0
57866.0
57876.0
57886.0
57896.0
57906.0
57916.0
57926.0
57936.0
57946.0
57956.0
57966.0
57976.0
57986.0
57996.0
58006.0
58016.0
58026.0
58036.0
58046.0
58056.0
58066.0
58076.0
58086.0
58096.0
58106.0
58116.0
58126.0
58136.0
58146.0
58156.0
58166.0
58176.0
133006.0
133007.21629309765
133007.21630117105
133016.0
133017.21629309765
133017.21630117105
133026.0
133027.21629309765
133027.21630117105
133036.0
133037.21629309765
133037.21630117105
133046.0
133047.21629309765
133047.21630117105
133056.0
133057.21629309765
133057.21630117105
133066.0
133067.51499439636
133067.51500246977
133076.0
133077.21629309765
133077.21630117105
133086.0
133087.21629309765
133087.21630117105
133096.0
133097.21629309765
133097.21630117105
133106.0
133107.21629309765
133107.21630117105
133116.0
133117.21629309765
133117.21630117105
133126.0
133127.21629309765
133127.21630117105
133136.0
133146.0
133156.0
133166.0
133176.0
133186.0
133196.0
133206.0
133216.0
133226.0
133236.0
133246.0
133256.0
133266.0
133276.0
133286.0
133296.0
133306.0
133316.0
133326.0
133336.0
133346.0
133356.0
133366.0
133376.0
133386.0
133396.0
133406.0
133416.0
133426.0
133436.0
133446.0
133456.0
133466.0
133476.0
133486.0
133496.0
133506.0
133516.0
133526.0
133536.0
133546.0
133556.0
133566.0
133576.0
133586.0
133596.0
133606.0
133616.0
133626.0
133636.0
133646.0
133656.0
133666.0
133676.0
133686.0
133696.0
133706.0
133716.0
133726.0
133736.0
133746.0
133756.0
133766.0
133776.0
133786.0
133796.0
133806.0
133816.0
133826.0
133836.0
133846.0
133856.0
133866.0
133876.0
133886.0
133896.0
133906.0
133916.0
133926.0
133936.0
133946.0
133956.0
133966.0
133976.0
133986.0
133996.0
134006.0
134016.0
134026.0
134036.0
134046.0
134056.0
134066.0
134076.0
134086.0
134096.0
134106.0
134116.0
243005.43997168652
243005.43997975992
243006.0
243015.43997168652
243015.43997975992
243016.0
243026.0
243035.43997168652
243035.43997975992
243036.0
243046.0
243055.43997168652
243055.43997975992
243056.0
243066.0
243066.93347818003
243066.93348625343
243076.0
243084.0844634897
243084.0844715631
243086.0
243094.0844634897
243094.0844715631
243096.0
243104.0844634897
243104.0844715631
243106.0
243115.43997168652
243115.43997975992
243116.0
243125.43997168652
243125.43997975992
243126.0
243136.0
243146.0
243156.0
243166.0
243176.0
243186.0
243196.0
243206.0
243216.0
243226.0
243236.0
243246.0
243256.0
243266.0
243276.0
243286.0
243296.0
243306.0
243316.0
243326.0
243336.0
243346.0
243356.0
243366.0
243376.0
243386.0
243396.0
243406.0
243416.0
243426.0
243436.0
243446.0
243456.0
243466.0
243476.0
243486.0
243496.0
243506.0
243516.0
243526.0
243536.0
243546.0
243556.0
243566.0
243576.0
243586.0
243596.0
243606.0
243616.0
243626.0
243636.0
243646.0
243656.0
243666.0
243676.0
243686.0
243696.0
243706.0
243716.0
243726.0
243736.0
243746.0
243756.0
243766.0
243776.0
243786.0
243796.0
243806.0
243816.0
243826.0
243836.0
243846.0
243856.0
243866.0
243876.0
243886.0
243896.0
243906.0
243916.0
243926.0
243936.0
243946.0
243956.0
243964.4602498977
243964.4602579711
243966.0
243976.0
384006.0
384006.8726650044
384016.0
384016.8726650044
384026.0
384026.8726650044
384036.0
384036.8726650044
384046.0
384046.8726650044
384056.0
384056.8726650044
384066.0
384076.0
384076.8726650044
384086.0
384086.8726650044
384096.0
384106.0
384116.0
384116.8726650044
384126.0
384126.8726650044
384136.0
384146.0
384156.0
384166.0
384176.0
384186.0
384196.0
384206.0
384216.0
384226.0
384236.0
384246.0
384256.0
384266.0
384276.0
384286.0
384296.0
384306.0
384316.0
384326.0
384336.0
384346.0
384356.0
384366.0
384376.0
384386.0
384396.0
384406.0
384416.0
384426.0
384436.0
384446.0
384456.0
384466.0
384476.0
384486.0
384496.0
384506.0
384516.0
384526.0
384536.0
384546.0
384556.0
384566.0
384576.0
384586.0
384596.0
384606.0
384616.0
384626.0
384636.0
384646.0
384656.0
384666.0
384676.0
384686.0
384696.0
384706.0
384716.0
384726.0
384736.0
384746.0
384756.0
384766.0
384776.0
384786.0
384796.0
384806.0
384816.0
384826.0
384836.0
384846.0
384856.0
384866.0
384876.0
384886.0
384896.0
384906.0
384916.0
384926.0
384936.0
384946.0
384952.7801769521
384956.0
500006.0
500006.01926964446
500016.0
500016.01926964446
500026.0
500026.01926964446
500036.0
500036.01926964446
500046.0
500056.0
500056.01926964446
500066.0
500066.01926964446
500076.0
500076.01926964446
500086.0
500086.01926964446
500096.0
500096.01926964446
500106.0
500106.01926964446
500116.0
500116.01926964446
500126.0
500135.62056834577
500136.0
500136.01926964446
500146.0
500146.01926964446
500156.0
500156.01926964446
500166.0
500176.0
500176.1733535673
500186.0
500186.07001455274
500196.0
500196.01926964446
500206.0
500206.07001455274
500216.0
500216.01926964446
500226.0
500226.07001455274
500236.0
500236.1733535673
500246.0
500256.0
500266.0
500276.0
500286.0
500296.0
500306.0
500316.0
500326.0
500336.0
500346.0
500356.0
500366.0
500376.0
500386.0
500396.0
500406.0
500416.0
500426.0
500436.0
500446.0
500456.0
500466.0
500476.0
500486.0
500496.0
500506.0
500516.0
500526.0
500536.0
500546.0
500556.0
500566.0
500576.0
500586.0
500596.0
500606.0
500616.0
500626.0
500636.0
500646.0
500656.0
500666.0
500676.0
500686.0
500695.4788517262
500696.0
500706.0
500716.0
500726.0
500736.0
500746.0
500756.0
500766.0
500776.0
500786.0
500796.0
500806.0
500816.0
500826.0
500836.0
500846.0
500856.0
500866.0
500876.0
500886.0
500896.0
500906.0
500916.0
500926.0
500936.0
500946.0
500956.0
500966.0
500976.0
500986.0
500996.0
501006.0
501016.0
501026.0
501036.0
613006.0
613016.0
613018.2820659445
613026.0
613028.2820659445
613036.0
613038.2820659445
613046.0
613048.2820659445
613056.0
613058.2820659445
613066.0
613068.2820659445
613076.0
613078.2820659445
613086.0
613088.2820659445
613096.0
613098.2820659445
613106.0
613116.0
613118.2820659445
613126.0
613128.2820659445
613136.0
613138.2820659445
613146.0
613148.2820659445
613156.0
613158.2820659445
613166.0
613168.2820659445
613176.0
613178.2820659445
613186.0
613188.2820659445
613196.0
613198.2820659445
613206.0
613208.2820659445
613216.0
613218.2820659445
613226.0
613228.2820659445
613236.0
613238.2820659445
613246.0
613248.2820659445
613256.0
613266.0
613276.0
613286.0
613296.0
613306.0
613316.0
613326.0
613336.0
613346.0
613356.0
613366.0
613376.0
613386.0
613396.0
613406.0
613416.0
613426.0
613436.0
613446.0
613456.0
613466.0
613476.0
613486.0
613496.0
613506.0
613516.0
613526.0
613536.0
613546.0
613556.0
613566.0
613576.0
613586.0
613596.0
613606.0
613616.0
613626.0
613636.0
613646.0
613656.0
613666.0
613676.0
613686.0
613696.0
613706.0
613716.0
613726.0
613736.0
613746.0
613756.0
57002.58979487529
57002.589802948685
57006.0
57016.0
57023.035145345275
57023.03515341867
57026.0
57036.0
57046.0
57056.0
57066.0
57076.0
57086.0
57096.0
57106.0
57116.0
57126.0
57136.0
57146.0
57156.0
57166.0
57176.0
57186.0
57196.0
57206.0
57216.0
57226.0
57236.0
57246.0
57256.0
57266.0
57276.0
57286.0
57296.0
57306.0
57316.0
57326.0
57336.0
57346.0
57356.0
57366.0
57376.0
57386.0
57396.0
57406.0
57416.0
57426.0
57436.0
57446.0
57456.0
57466.0
57476.0
57486.0
57496.0
57506.0
57516.0
57526.0
57536.0
57546.0
57556.0
57566.0
57576.0
57586.0
57596.0
57606.0
57616.0
57626.0
57636.0
57646.0
57656.0
57666.0
57676.0
57686.0
57696.0
57706.0
57716.0
57726.0
57736.0
57746.0
57756.0
57766.0
57776.0
57786.0
57796.0
57806.0
57816.0
57826.0
57836.0
57846.0
57856.0
57866.0
57876.0
57886.0
57896.0
57906.0
57916.0
57926.0
57936.0
57946.0
57956.0
57966.0
57976.0
57986.0
57996.0
58006.0
58016.0
58026.0
58036.0
58046.0
58056.0
58066.0
58076.0
58086.0
58096.0
58106.0
58116.0
58126.0
58136.0
58146.0
58156.0
58166.0
58176.0
133006.0
133007.21629309765
133007.21630117105
133016.0
133017.21629309765
133017.21630117105
133026.0
133027.21629309765
133027.21630117105
133036.0
133037.21629309765
133037.21630117105
133046.0
133047.21629309765
133047.21630117105
133056.0
133057.21629309765
133057.21630117105
133066.0
133067.21629309765
133067.21630117105
133076.0
133086.0
133087.21629309765
133087.21630117105
133096.0
133097.21629309765
133097.21630117105
133106.0
133107.21629309765
133107.21630117105
133116.0
133117.21629309765
133117.21630117105
133126.0
133127.21629309765
133127.21630117105
133136.0
133146.0
133156.0
133166.0
133174.34839445647
133174.34840252987
133176.0
133186.0
133196.0
133206.0
133216.0
133226.0
133236.0
133246.0
133256.0
133266.0
133276.0
133286.0
133296.0
133306.0
133316.0
133326.0
133336.0
133346.0
133356.0
133366.0
133376.0
133386.0
133396.0
133406.0
133416.0
133426.0
133436.0
133446.0
133456.0
133466.0
133476.0
133486.0
133496.0
133506.0
133516.0
133526.0
133536.0
133546.0
133556.0
133566.0
133576.0
133586.0
133596.0
133606.0
133616.0
133626.0
133636.0
133646.0
133656.0
133666.0
133676.0
133686.0
133696.0
133706.0
133716.0
133726.0
133736.0
133746.0
133756.0
133766.0
133776.0
133786.0
133796.0
133806.0
133816.0
133826.0
133836.0
133846.0
133856.0
133866.0
133876.0
133886.0
133896.0
133906.0
133916.0
133926.0
133936.0
133946.0
133956.0
133966.0
133976.0
133986.0
133996.0
134006.0
134016.0
134026.0
134036.0
134046.0
134056.0
134066.0
134076.0
134086.0
134096.0
134106.0
134116.0
243004.0844634897
243004.0844715631
243006.0
243014.0844634897
243014.0844715631
243016.0
243024.0844634897
243024.0844715631
243026.0
243034.0844634897
243034.0844715631
243036.0
243044.0844634897
243044.0844715631
243046.0
243054.0844634897
243054.0844715631
243056.0
243064.0844634897
243064.0844715631
243066.0
243074.0844634897
243074.0844715631
243076.0
243084.0844634897
243084.0844715631
243086.0
243094.0844634897
243094.0844715631
243096.0
243104.0844634897
243104.0844715631
243106.0
243114.0844634897
243114.0844715631
243116.0
243126.0
243136.0
243146.0
243156.0
243166.0
243176.0
243186.0
243196.0
243206.0
243216.0
243226.0
243236.0
243246.0
243256.0
243266.0
243276.0
243286.0
243296.0
243306.0
243316.0
243326.0
243336.0
243346.0
243356.0
243366.0
243376.0
243386.0
243396.0
243406.0
243416.0
243426.0
243436.0
243446.0
243456.0
243466.0
243476.0
243486.0
243496.0
243506.0
243516.0
243526.0
243536.0
243546.0
243556.0
243566.0
243576.0
243586.0
243596.0
243606.0
243616.0
243626.0
243636.0
243646.0
243656.0
243666.0
243676.0
243686.0
243696.0
243706.0
243716.0
243726.0
243736.0
243746.0
243756.0
243766.0
243776.0
243786.0
243796.0
243806.0
243816.0
243826.0
243836.0
243846.0
243856.0
243866.0
243876.0
243886.0
243896.0
243906.0
243916.0
243926.0
243936.0
243939.4602498977
243939.4602579711
243946.0
243956.0
243966.0
243976.0
384006.0
384006.8726650044
384016.0
384026.0
384026.8726650044
384036.0
384036.8726650044
384046.0
384046.8726650044
384056.0
384056.8726650044
384066.0
384066.8726650044
384076.0
384076.8726650044
384086.0
384086.8726650044
384096.0
384106.0
384116.0
384116.8726650044
384126.0
384126.8726650044
384136.0
384146.0
384156.0
384166.0
384176.0
384186.0
384196.0
384206.0
384216.0
384226.0
384236.0
384246.0
384256.0
384266.0
384276.0
384286.0
384296.0
384306.0
384316.0
384326.0
384336.0
384346.0
384356.0
384366.0
384376.0
384386.0
384396.0
384406.0
384416.0
384426.0
384436.0
384446.0
384456.0
384466.0
384476.0
384486.0
384496.0
384506.0
384516.0
384526.0
384536.0
384546.0
384556.0
384566.0
384576.0
384586.0
384596.0
384606.0
384616.0
384626.0
384636.0
384646.0
384648.9572892807
384656.0
384666.0
384676.0
384686.0
384696.0
384706.0
384716.0
384726.0
384736.0
384746.0
384756.0
384766.0
384776.0
384786.0
384796.0
384806.0
384816.0
384826.0
384836.0
384846.0
384856.0
384866.0
384876.0
384886.0
384896.0
384906.0
384916.0
384926.0
384936.0
384946.0
384956.0
500005.67131325405
500006.0
500006.07001455274
500016.0
500016.07001455274
500026.0
500036.0
500046.0
500056.0
500066.0
500075.62056834577
500076.0
500076.01926964446
500086.0
500095.62056834577
500096.0
500096.01926964446
500106.0
500106.07001455274
500116.0
500116.01926964446
500126.0
500126.07001455274
500136.0
500145.67131325405
500146.0
500155.7746522686
500156.0
500156.1733535673
500166.0
500166.07001455274
500176.0
500176.01926964446
500186.0
500195.62056834577
500196.0
500196.01926964446
500206.0
500206.07001455274
500216.0
500216.07001455274
500226.0
500226.07001455274
500236.0
500236.07001455274
500246.0
500256.0
500266.0
500276.0
500286.0
500296.0
500306.0
500316.0
500326.0
500336.0
500346.0
500356.0
500366.0
500376.0
500386.0
500396.0
500406.0
500416.0
500426.0
500436.0
500446.0
500456.0
500466.0
500476.0
500486.0
500496.0
500506.0
500516.0
500526.0
500536.0
500546.0
500556.0
500566.0
500576.0
500586.0
500596.0
500606.0
500616.0
500626.0
500636.0
500646.0
500656.0
500666.0
500676.0
500686.0
500696.0
500706.0
500716.0
500726.0
500736.0
500746.0
500756.0
500766.0
500776.0
500786.0
500796.0
500806.0
500816.0
500826.0
500836.0
500846.0
500856.0
500866.0
500876.0
500886.0
500896.0
500906.0
500916.0
500926.0
500936.0
500946.0
500956.0
500966.0
500976.0
500986.0
500996.0
501006.0
501016.0
501026.0
501036.0
613006.0
613008.2820659445
613016.0
613018.2820659445
613026.0
613028.2820659445
613036.0
613038.2820659445
613046.0
613048.2820659445
613056.0
613058.2820659445
613066.0
613068.2820659445
613076.0
613078.2820659445
613086.0
613088.2820659445
613096.0
613098.2820659445
613106.0
613108.2820659445
613116.0
613118.2820659445
613126.0
613128.2820659445
613136.0
613138.2820659445
613146.0
613148.2820659445
613156.0
613166.0
613168.2820659445
613176.0
613178.2820659445
613186.0
613188.2820659445
613196.0
613198.2820659445
613206.0
613208.2820659445
613216.0
613218.2820659445
613226.0
613228.2820659445
613236.0
613238.2820659445
613246.0
613248.2820659445
613256.0
613266.0
613276.0
613286.0
613296.0
613306.0
613316.0
613326.0
613336.0
613346.0
613356.0
613366.0
613376.0
613386.0
613396.0
613406.0
613416.0
613426.0
613436.0
613446.0
613456.0
613466.0
613476.0
613486.0
613496.0
613506.0
613516.0
613526.0
613536.0
613546.0
613556.0
613566.0
613576.0
613586.0
613596.0
613606.0
613616.0
613626.0
613636.0
613646.0
613656.0
613666.0
613676.0
613686.0
613696.0
613706.0
613716.0
613726.0
613736.0
613746.0
613756.0
