57003.13958713694
57003.139595210334
57006.0
57016.0
57026.0
57027.03958713694
57027.039595210335
57036.0
57046.0
57056.0
57066.0
57076.0
57086.0
57096.0
57106.0
57116.0
57126.0
57136.0
57146.0
57156.0
57166.0
57176.0
57186.0
57196.0
57206.0
57216.0
57226.0
57236.0
57246.0
57256.0
57266.0
57276.0
57286.0
57296.0
57306.0
57316.0
57326.0
57336.0
57346.0
57356.0
57366.0
57376.0
57386.0
57396.0
57406.0
57416.0
57426.0
57436.0
57446.0
57456.0
57466.0
57476.0
57486.0
57496.0
57506.0
57516.0
57526.0
57536.0
57546.0
57556.0
57566.0
57576.0
57586.0
57596.0
57606.0
57616.0
57626.0
57636.0
57646.0
57656.0
57666.0
57676.0
57686.0
57696.0
57706.0
57716.0
57726.0
57736.0
57746.0
57756.0
57766.0
57776.0
57786.0
57796.0
57806.0
57816.0
57826.0
57836.0
57846.0
57856.0
57866.0
57876.0
57886.0
57896.0
57906.0
57916.0
57926.0
57936.0
57946.0
57956.0
57966.0
57976.0
57986.0
57996.0
58006.0
58016.0
58026.0
58036.0
58046.0
58056.0
58066.0
58076.0
58086.0
58096.0
58106.0
58116.0
58126.0
58136.0
58146.0
133005.60101294628
133005.60102101968
133006.0
133015.60101294628
133015.60102101968
133016.0
133025.60101294628
133025.60102101968
133026.0
133035.60101294628
133035.60102101968
133036.0
133045.60101294628
133045.60102101968
133046.0
133055.60101294628
133055.60102101968
133056.0
133066.0
133074.19757682737
133074.19758490077
133076.0
133085.2023277944
133085.2023358678
133085.2023439412
133085.2023520146
133085.202360088
133085.2023681614
133086.0
133094.19760912098
133094.19761719438
133096.0
133104.1976414146
133104.197649488
133104.1976575614
133104.1976656348
133104.1976737082
133104.1976817816
133106.0
133115.20239238162
133115.20240045502
133115.20240852842
133115.20241660182
133115.20242467523
133115.20243274863
133116.0
133124.19756068056
133124.19756875397
133126.0
133126.4177243188
133126.4177323922
133136.0
133146.0
133156.0
133166.0
133176.0
133186.0
133196.0
133206.0
133216.0
133226.0
133236.0
133246.0
133256.0
133266.0
133276.0
133286.0
133296.0
133306.0
133316.0
133326.0
133336.0
133346.0
133356.0
133366.0
133376.0
133386.0
133396.0
133406.0
133416.0
133426.0
133436.0
133446.0
133456.0
133466.0
133476.0
133486.0
133496.0
133506.0
133516.0
133526.0
133536.0
133546.0
133556.0
133566.0
133576.0
133586.0
133596.0
133606.0
133616.0
133626.0
133636.0
133646.0
133656.0
133666.0
133676.0
133686.0
133696.0
133706.0
243006.0
243014.00416200794
243014.00417008135
243015.8483960107
243015.8484040841
243016.0
243026.0
243027.0432334991
243027.0432415725
243036.0
243037.0432334991
243037.0432415725
243045.14659217445
243045.14660024786
243046.0
243056.0
243064.00416200794
243064.00417008135
243066.0
243067.9393051016
243067.939313175
243076.0
243086.0
243096.0
243104.00416200794
243104.00417008135
243106.0
243114.00416200794
243114.00417008135
243116.0
243118.2380709875
243118.23807906092
243126.0
243128.2380709875
243128.23807906092
243136.0
243146.0
243156.0
243166.0
243176.0
243186.0
243196.0
243206.0
243216.0
243226.0
243236.0
243246.0
243256.0
243266.0
243276.0
243286.0
243296.0
243306.0
243316.0
243326.0
243336.0
243346.0
243356.0
243366.0
243376.0
243386.0
243396.0
243406.0
243416.0
243426.0
243436.0
243446.0
243456.0
243466.0
243476.0
243486.0
243496.0
243506.0
243516.0
243526.0
243536.0
243546.0
243556.0
243566.0
243576.0
243586.0
243596.0
243606.0
243616.0
243626.0
243636.0
243646.0
243656.0
243666.0
243676.0
243686.0
243696.0
243706.0
243716.0
243726.0
243736.0
243746.0
243756.0
384006.0
384013.6995421773
384013.6995502507
384014.538432253
384014.5384403264
384016.0
384024.3969447747
384024.3969528481
384026.0
384034.69564607344
384034.69565414684
384036.0
384044.3969447747
384044.3969528481
384046.0
384054.538432253
384054.5384403264
384056.0
384066.0
384073.6770504125
384073.6770584859
384074.538432253
384074.5384403264
384076.0
384084.538432253
384084.5384403264
384086.0
384094.538432253
384094.5384403264
384096.0
384104.67313816183
384104.67314623523
384106.0
384114.098243476
384114.0982515494
384116.0
384126.0
384136.0
384146.0
384156.0
384166.0
384176.0
384186.0
384196.0
384206.0
384216.0
384226.0
384236.0
384246.0
384256.0
384266.0
384276.0
384286.0
384296.0
384306.0
384316.0
384326.0
384336.0
384346.0
384356.0
384366.0
384376.0
384386.0
384396.0
384406.0
384416.0
384426.0
384436.0
384446.0
384456.0
384466.0
384476.0
384486.0
384496.0
384506.0
384516.0
384526.0
384536.0
384546.0
384556.0
384566.0
384576.0
384586.0
384596.0
384606.0
384616.0
384626.0
384636.0
384646.0
384656.0
384666.0
384676.0
384686.0
384696.0
384706.0
384716.0
384726.0
384736.0
384746.0
384756.0
384766.0
384776.0
384786.0
384796.0
384806.0
384816.0
384826.0
384836.0
384846.0
384856.0
384866.0
384876.0
384886.0
384896.0
384906.0
384916.0
384926.0
384936.0
384946.0
384956.0
384966.0
384976.0
384986.0
384996.0
385006.0
385016.0
385026.0
385036.0
385046.0
385056.0
385066.0
385076.0
500006.0
500016.0
500026.0
500036.0
500046.0
500056.0
500066.0
500076.0
500086.0
500096.0
500106.0
500106.8425360612
500106.8425439711
500106.842551881
500106.8425597909
500106.8425677008
500106.8425756107
500106.84258352057
500106.84259143047
500116.0
500126.0
500126.1250791232
500126.1250870331
500126.125094943
500126.1251028529
500126.1251107628
500126.1251186727
500126.12512658257
500126.12513449247
500126.12514240236
500126.12515031226
500126.12515822216
500126.12516613206
500126.12517404195
500126.12518195185
500126.12518986175
500126.12519777165
500126.12520568154
500126.12521359144
500126.12522150134
500126.12522941123
500126.12523732113
500126.12524523103
500126.1252531409
500126.1252610508
500126.1252689607
500126.1252768706
500126.1252847805
500126.1252926904
500126.1253006003
500126.1253085102
500126.1253164201
500126.12532433
500126.1253322399
500126.1253401498
500126.1253480597
500126.1253559696
500126.1253638795
500126.1253717894
500126.1253796993
500126.1253876092
500126.1253955191
500126.125403429
500126.1254113389
500126.12541924877
500126.12542715867
500126.12543506856
500126.12544297846
500126.12545088836
500126.12545879825
500126.12546670815
500126.12547461805
500126.12548252795
500126.12549043784
500126.12549834774
500126.12550625764
500126.12551416754
500126.12552207743
500126.12552998733
500126.1255378972
500126.1255458071
500126.125553717
500126.1255616269
500126.1255695368
500126.1255774467
500126.1255853566
500126.1255932665
500126.1256011764
500126.1256090863
500126.1256169962
500126.1256249061
500126.125632816
500126.1256407259
500126.1256486358
500126.1256565457
500126.1256644556
500126.1256723655
500126.1256802754
500126.1256881853
500126.1256960952
500126.12570400507
500126.12571191497
500126.12571982486
500126.12572773476
500126.12573564466
500126.12574355456
500126.12575146445
500126.12575937435
500126.12576728425
500126.12577519414
500126.12578310404
500126.12579101394
500126.12579892384
500126.12580683373
500126.12581474363
500126.1258226535
500126.1258305634
500126.1258384733
500126.1258463832
500126.1258542931
500126.125862203
500126.1258701129
500126.1258780228
500126.1258859327
500126.1258938426
500126.1259017525
500126.1259096624
500126.1259175723
500126.1259254822
500126.1259333921
500126.125941302
500126.1259492119
500126.1259571218
500126.1259650317
500126.1259729416
500126.1259808515
500126.12598876137
500126.12599667127
500126.12600458117
500126.12601249106
500126.12602040096
500136.0
500146.0
500156.0
500166.0
500176.0
500186.0
500196.0
500206.0
500216.0
500226.0
500236.0
500246.0
500246.26589048095
500246.26589839085
500246.26590630074
500246.26591421064
500246.26592212054
500256.0
500266.0
500276.0
500286.0
500296.0
500306.0
500316.0
500326.0
500336.0
500346.0
500356.0
500366.0
500376.0
500386.0
500396.0
500406.0
500416.0
500426.0
500436.0
500446.0
500456.0
500466.0
500476.0
500486.0
500496.0
500506.0
500516.0
500526.0
500536.0
500546.0
500556.0
500566.0
500576.0
500586.0
500596.0
500606.0
500616.0
500626.0
500636.0
500646.0
500656.0
500666.0
500676.0
500686.0
500696.0
500706.0
500716.0
500726.0
500736.0
500746.0
500756.0
500766.0
500776.0
500786.0
500796.0
500806.0
500816.0
500826.0
500836.0
500846.0
500856.0
500866.0
500876.0
500886.0
500896.0
500906.0
500916.0
500926.0
500936.0
500946.0
500956.0
500966.0
500976.0
500986.0
500996.0
501006.0
501016.0
501026.0
