267003.60344299953
267003.60345107294
267006.0
267016.0
267026.0
267036.0
267046.0
267056.0
267066.0
267076.0
267086.0
267096.0
267106.0
267116.0
267126.0
267136.0
267146.0
267156.0
267166.0
267176.0
267186.0
267196.0
267206.0
267216.0
267226.0
267236.0
267246.0
267256.0
267266.0
267276.0
267286.0
267296.0
267306.0
267316.0
267326.0
267336.0
267346.0
267356.0
267366.0
267376.0
267386.0
267396.0
267406.0
267416.0
267426.0
267436.0
267446.0
267456.0
267466.0
267476.0
267486.0
267496.0
267506.0
267516.0
267526.0
267536.0
267546.0
267556.0
267566.0
267576.0
267586.0
267596.0
267606.0
267616.0
267626.0
267636.0
267646.0
267656.0
267666.0
267676.0
267686.0
267696.0
267706.0
267716.0
267726.0
267736.0
267746.0
267756.0
267766.0
267776.0
267786.0
267796.0
267806.0
267816.0
267826.0
267836.0
267846.0
267856.0
267866.0
267876.0
267886.0
267896.0
267906.0
267916.0
267926.0
267936.0
267946.0
267956.0
267966.0
267976.0
403006.0
403007.1804196845
403007.1804277579
403016.0
403017.1804196845
403017.1804277579
403026.0
403027.1804196845
403027.1804277579
403036.0
403037.1804196845
403037.1804277579
403046.0
403056.0
403057.1804196845
403057.1804277579
403066.0
403067.1804196845
403067.1804277579
403076.0
403077.1804196845
403077.1804277579
403086.0
403087.1804196845
403087.1804277579
403096.0
403097.1804196845
403097.1804277579
403106.0
403107.1804196845
403107.1804277579
403116.0
403117.1804196845
403117.1804277579
403126.0
403127.1804196845
403127.1804277579
403136.0
403146.0
403156.0
403166.0
403176.0
403186.0
403196.0
403206.0
403216.0
403226.0
403236.0
403246.0
403256.0
403266.0
403276.0
403286.0
403296.0
403306.0
403316.0
403326.0
403336.0
403346.0
403356.0
403366.0
403376.0
403386.0
403396.0
403406.0
403416.0
403426.0
403436.0
403446.0
403456.0
403466.0
403476.0
403486.0
403496.0
403506.0
403516.0
403526.0
403536.0
403546.0
403556.0
403566.0
403576.0
403586.0
403596.0
403606.0
403616.0
403626.0
403636.0
403646.0
403656.0
403666.0
403676.0
403686.0
403696.0
403706.0
403716.0
403726.0
403736.0
403746.0
403756.0
403766.0
403776.0
403786.0
403796.0
403806.0
403816.0
528006.0
528015.2332150948
528015.2332231682
528016.0
528025.2332150948
528025.2332231682
528026.0
528035.2332150948
528035.2332231682
528036.0
528045.2332150948
528045.2332231682
528046.0
528055.2332150948
528055.2332231682
528056.0
528065.8306176921
528065.8306257655
528066.0
528075.2332150948
528075.2332231682
528076.0
528085.2332150948
528085.2332231682
528086.0
528095.2332150948
528095.2332231682
528096.0
528105.2332150948
528105.2332231682
528106.0
528115.2332150948
528115.2332231682
528116.0
528125.2332150948
528125.2332231682
528126.0
528136.0
528146.0
528156.0
528166.0
528176.0
528186.0
528196.0
528206.0
528216.0
528226.0
528236.0
528246.0
528256.0
528266.0
528276.0
528286.0
528296.0
528306.0
528316.0
528326.0
528336.0
528346.0
528356.0
528366.0
528376.0
528386.0
528396.0
528406.0
528416.0
528426.0
528436.0
528446.0
528456.0
528466.0
528476.0
528486.0
528496.0
528506.0
528516.0
528526.0
528536.0
528546.0
528556.0
528566.0
528576.0
528586.0
528596.0
528606.0
528616.0
528626.0
528636.0
528646.0
528656.0
528666.0
528676.0
528686.0
528696.0
528706.0
528716.0
528726.0
528736.0
528746.0
528756.0
528766.0
528776.0
528786.0
528796.0
528806.0
528816.0
528826.0
528836.0
528846.0
528856.0
906002.2106322392
906006.0
906016.0
906026.0
906036.0
906046.0
906056.0
906066.0
906076.0
906086.0
906096.0
906106.0
906116.0
906126.0
906136.0
906146.0
906156.0
906166.0
906176.0
906186.0
906196.0
906206.0
906216.0
906226.0
906236.0
906246.0
906256.0
906266.0
906276.0
906286.0
906296.0
906306.0
906316.0
906326.0
906336.0
906346.0
906356.0
906364.3757291011
906366.0
906376.0
906386.0
906396.0
906406.0
906416.0
906426.0
906436.0
906446.0
906456.0
906466.0
906476.0
906486.0
906496.0
906506.0
906516.0
906526.0
906536.0
906546.0
906556.0
906566.0
906576.0
906586.0
906596.0
906606.0
906616.0
906626.0
906636.0
906646.0
906656.0
906666.0
906676.0
906686.0
906696.0
906706.0
906716.0
906726.0
906736.0
906746.0
906756.0
1136004.6905745612
1136006.0
1136014.6905745612
1136016.0
1136024.6905745612
1136026.0
1136034.6905745612
1136036.0
1136044.6905745612
1136046.0
1136054.6905745612
1136056.0
1136064.6905745612
1136066.0
1136074.6905745612
1136076.0
1136084.6905745612
1136086.0
1136094.6905745612
1136096.0
1136104.6905745612
1136106.0
1136114.6905745612
1136116.0
1136124.6905745612
1136126.0
1136136.0
1136146.0
1136156.0
1136166.0
1136176.0
1136186.0
1136196.0
1136206.0
1136216.0
1136226.0
1136236.0
1136246.0
1136256.0
1136266.0
1136276.0
1136286.0
1136296.0
1136306.0
1136316.0
1136326.0
1136336.0
1136346.0
1136356.0
1136366.0
1136376.0
1136386.0
1136396.0
1136406.0
1136416.0
1136426.0
1136436.0
1136446.0
1136456.0
1136466.0
1136476.0
1136486.0
1136496.0
1136506.0
1136516.0
1136526.0
1136536.0
1136546.0
1136556.0
1136566.0
1136576.0
1136586.0
1136596.0
1136606.0
1136616.0
1136626.0
1136636.0
1136646.0
1136656.0
1136666.0
1136676.0
1136686.0
1136696.0
1136706.0
1136716.0
1136726.0
1136736.0
1136746.0
1136756.0
1136766.0
1136776.0
1136786.0
1136796.0
1136806.0
1136816.0
1136826.0
1136836.0
1136846.0
1136856.0
1136866.0
1136876.0
1136886.0
1136896.0
1136906.0
1136916.0
1136926.0
1136936.0
1136946.0
1136956.0
1136966.0
1136976.0
1530002.3941212355
1530006.0
1530016.0
1530026.0
1530036.0
1530046.0
1530056.0
1530066.0
1530076.0
1530086.0
1530096.0
1530106.0
1530116.0
1530126.0
1530136.0
1530146.0
1530156.0
1530166.0
1530176.0
1530186.0
1530196.0
1530206.0
1530216.0
1530226.0
1530236.0
1530246.0
1530256.0
1530266.0
1530276.0
1530286.0
1530296.0
1530306.0
1530316.0
1530326.0
1530336.0
1530346.0
1530356.0
1530366.0
1530376.0
1530386.0
1530396.0
1530406.0
1530416.0
1530426.0
1530436.0
1530446.0
1530456.0
1530466.0
1530476.0
1530486.0
1530496.0
1530506.0
1530516.0
1530526.0
1530536.0
1530546.0
1530556.0
1530566.0
1530576.0
1530586.0
1530596.0
1530606.0
1530616.0
1530626.0
1530636.0
1530646.0
1530656.0
1530666.0
1530676.0
1530686.0
1530696.0
1530706.0
1530716.0
1530726.0
1530736.0
1530746.0
1530756.0
1530766.0
1530776.0
1530786.0
1530796.0
1530806.0
1530816.0
1530826.0
1530836.0
1530846.0
1530856.0
1530866.0
1530876.0
1530886.0
1530896.0
1530906.0
1530916.0
1530926.0
1530936.0
1530946.0
1530956.0
1530966.0
1530976.0
1530986.0
1530996.0
1531006.0
1531016.0
1531026.0
1531036.0
1531046.0
1531056.0
1531066.0
1531076.0
1531086.0
1580006.0
1580016.0
1580016.7899165808
1580026.0
1580026.7899165808
1580036.0
1580036.7899165808
1580046.0
1580046.7899165808
1580056.0
1580056.7899165808
1580066.0
1580066.7899165808
1580076.0
1580076.7899165808
1580086.0
1580086.7899165808
1580096.0
1580096.7899165808
1580106.0
1580116.0
1580116.7899165808
1580126.0
1580136.0
1580146.0
1580156.0
1580166.0
1580176.0
1580186.0
1580196.0
1580206.0
1580216.0
1580222.4547754917
1580226.0
1580236.0
1580246.0
1580256.0
1580266.0
1580276.0
1580286.0
1580296.0
1580306.0
1580316.0
1580326.0
1580336.0
1580346.0
1580356.0
1580366.0
1580376.0
1580386.0
1580396.0
1580406.0
1580416.0
1580426.0
1580436.0
1580446.0
1580456.0
1580466.0
1580476.0
1580486.0
1580496.0
1580506.0
1580516.0
1580526.0
1580536.0
1580546.0
1580556.0
1580566.0
1580576.0
1580586.0
1580596.0
1580606.0
1580616.0
1580626.0
1580636.0
1580646.0
1580656.0
1580666.0
1580676.0
1580686.0
1580696.0
1580706.0
1580716.0
1580726.0
1580736.0
1580746.0
1580756.0
1580766.0
1580776.0
1580786.0
1580796.0
1580806.0
1580816.0
1580826.0
1580836.0
1580846.0
1580856.0
1580866.0
1692006.0
1692008.0923228918
1692016.0
1692018.0923228918
1692026.0
1692028.0923228918
1692036.0
1692038.0923228918
1692046.0
1692048.0923228918
1692056.0
1692058.0923228918
1692066.0
1692076.0
1692078.0923228918
1692086.0
1692088.0923228918
1692096.0
1692098.0923228918
1692106.0
1692116.0
1692118.0923228918
1692126.0
1692128.0923228918
1692136.0
1692146.0
1692156.0
1692166.0
1692176.0
1692186.0
1692196.0
1692206.0
1692216.0
1692226.0
1692236.0
1692246.0
1692256.0
1692266.0
1692276.0
1692286.0
1692296.0
1692306.0
1692316.0
1692326.0
1692336.0
1692346.0
1692356.0
1692366.0
1692376.0
1692386.0
1692396.0
1692406.0
1692416.0
1692417.1059786472
1692426.0
1692436.0
1692446.0
1692456.0
1692466.0
1692476.0
1692486.0
1692496.0
1692506.0
1692516.0
1692526.0
1692536.0
1692546.0
1692556.0
1692566.0
1692576.0
1692586.0
1692596.0
1692606.0
1692616.0
1692626.0
1692636.0
1692646.0
1692656.0
1692666.0
1692676.0
1692686.0
1692696.0
1692706.0
1692716.0
1692726.0
1692736.0
1692746.0
1692756.0
1692766.0
1692776.0
1692786.0
1692796.0
1692806.0
1692816.0
1692826.0
1692836.0
1692846.0
1692856.0
1692866.0
1692876.0
1692886.0
1692896.0
1692906.0
1692916.0
1692926.0
1821005.4025569616
1821006.0
1821015.4025569616
1821016.0
1821025.4025569616
1821026.0
1821035.4025569616
1821036.0
1821046.0
1821055.4025569616
1821056.0
1821065.4025569616
1821066.0
1821075.4025569616
1821076.0
1821085.4025569616
1821086.0
1821095.4025569616
1821096.0
1821105.4025569616
1821106.0
1821115.4025569616
1821116.0
1821125.4025569616
1821126.0
1821136.0
1821146.0
1821156.0
1821166.0
1821176.0
1821186.0
1821196.0
1821206.0
1821216.0
1821226.0
1821236.0
1821246.0
1821256.0
1821266.0
1821276.0
1821286.0
1821296.0
1821306.0
1821316.0
1821326.0
1821336.0
1821346.0
1821356.0
1821366.0
1821376.0
1821386.0
1821396.0
1821406.0
1821416.0
1821426.0
1821436.0
1821446.0
1821456.0
1821466.0
1821476.0
1821486.0
1821496.0
1821506.0
1821516.0
1821526.0
1821536.0
1821546.0
1821556.0
1821566.0
1821576.0
1821586.0
1821596.0
1821606.0
1821616.0
1821626.0
1821636.0
1821646.0
1821656.0
1821666.0
1821676.0
1821682.7610956822
1821686.0
1821696.0
1821706.0
1821716.0
1821726.0
1821736.0
1821746.0
1821756.0
1821766.0
1821776.0
1821786.0
1821796.0
1821806.0
1821816.0
1821826.0
1821836.0
1821846.0
1821856.0
1821866.0
1821876.0
1821886.0
1821896.0
1821906.0
2044006.0
2044009.634010177
2044016.0
2044019.634010177
2044026.0
2044036.0
2044039.634010177
2044046.0
2044049.634010177
2044056.0
2044059.634010177
2044066.0
2044069.634010177
2044076.0
2044086.0
2044089.634010177
2044096.0
2044106.0
2044109.634010177
2044116.0
2044126.0
2044129.634010177
2044136.0
2044139.634010177
2044146.0
2044156.0
2044166.0
2044169.634010177
2044176.0
2044179.634010177
2044186.0
2044189.634010177
2044196.0
2044206.0
2044216.0
2044219.634010177
2044226.0
2044229.634010177
2044236.0
2044239.634010177
2044246.0
2044249.634010177
2044256.0
2044259.634010177
2044266.0
2044269.634010177
2044276.0
2044279.634010177
2044286.0
2044289.634010177
2044296.0
2044299.634010177
2044306.0
2044309.634010177
2044316.0
2044319.634010177
2044326.0
2044329.634010177
2044336.0
2044339.634010177
2044346.0
2044349.634010177
2044356.0
2044359.634010177
2044366.0
2044369.634010177
2044376.0
2044386.0
2044396.0
2044406.0
2044416.0
2044426.0
2044436.0
2044446.0
2044456.0
2044466.0
2044476.0
2044486.0
2044496.0
2044506.0
2044516.0
2044526.0
2044536.0
2044546.0
2044556.0
2044566.0
2044576.0
2044586.0
2044596.0
2044606.0
2044616.0
2044626.0
2044636.0
2044646.0
2044656.0
2044666.0
2044676.0
2044686.0
2044696.0
2044706.0
2044716.0
2044726.0
2044736.0
2044746.0
2044756.0
2044766.0
2044776.0
2044786.0
2044796.0
2044806.0
2044816.0
2044826.0
2044836.0
2044846.0
2044856.0
2454004.549422644
2454006.0
2454014.549422644
2454016.0
2454024.549422644
2454026.0
2454034.549422644
2454036.0
2454044.549422644
2454046.0
2454054.549422644
2454056.0
2454064.549422644
2454066.0
2454074.549422644
2454076.0
2454084.549422644
2454086.0
2454094.549422644
2454096.0
2454104.549422644
2454106.0
2454114.549422644
2454116.0
2454124.549422644
2454126.0
2454136.0
2454146.0
2454156.0
2454157.22832665
2454166.0
2454176.0
2454186.0
2454196.0
2454206.0
2454216.0
2454226.0
2454236.0
2454246.0
2454256.0
2454266.0
2454276.0
2454286.0
2454296.0
2454306.0
2454316.0
2454326.0
2454336.0
2454346.0
2454356.0
2454366.0
2454376.0
2454386.0
2454396.0
2454406.0
2454416.0
2454426.0
2454436.0
2454446.0
2454456.0
2454466.0
2454476.0
2454486.0
2454496.0
2454506.0
2454516.0
2454526.0
2454536.0
2454546.0
2454556.0
2454566.0
2454576.0
2454586.0
2454596.0
2454606.0
2454616.0
2454626.0
2454636.0
2454646.0
2454656.0
2454666.0
2454676.0
2454686.0
2454696.0
2454706.0
2454716.0
221006.0
221016.0
221026.0
221036.0
221046.0
221056.0
221066.0
221076.0
221086.0
221096.0
221106.0
221116.0
221126.0
221136.0
221146.0
221156.0
221166.0
221176.0
221186.0
221196.0
221206.0
221216.0
221226.0
221236.0
221246.0
221256.0
221266.0
221276.0
221286.0
221296.0
221306.0
221316.0
221326.0
221336.0
221346.0
221356.0
221366.0
221376.0
221386.0
221396.0
221406.0
221416.0
221426.0
221436.0
221446.0
221456.0
221466.0
221476.0
221486.0
221496.0
221506.0
221516.0
221526.0
221536.0
221546.0
221556.0
221566.0
221576.0
221586.0
221596.0
221606.0
221616.0
221626.0
221636.0
221646.0
221656.0
221666.0
221676.0
221686.0
221696.0
221706.0
221716.0
221726.0
221736.0
221746.0
221756.0
221766.0
221776.0
221786.0
221796.0
221806.0
221816.0
221826.0
221836.0
221846.0
221856.0
221866.0
221876.0
221886.0
221896.0
221906.0
221916.0
221926.0
221936.0
221946.0
221952.6199466628
221952.61995449904
295006.0
295014.9905423064
295014.99055014265
295015.3892436051
295015.38925144135
295016.0
295026.0
295034.25902645045
295034.2590342867
295036.0
295046.0
295056.0
295063.5275105945
295063.5275184308
295063.9262118932
295063.9262197295
295066.0
295074.9905423064
295074.99055014265
295076.0
295086.0
295093.1288092958
295093.1288171321
295093.5275105945
295093.5275184308
295095.3892436051
295095.38925144135
295096.0
295105.3892436051
295105.38925144135
295106.0
295115.3892436051
295115.38925144135
295116.0
295126.0
295136.0
295146.0
295156.0
295166.0
295176.0
295183.4348695916
295183.4348774279
295183.43488526414
295183.4348931004
295186.0
295196.0
295206.0
295216.0
295226.0
295236.0
295246.0
295256.0
295266.0
295276.0
295286.0
295296.0
295306.0
295316.0
295326.0
295336.0
295346.0
295356.0
295366.0
295376.0
295386.0
295396.0
295406.0
295416.0
295426.0
295436.0
295446.0
295456.0
295466.0
295476.0
295486.0
295496.0
295506.0
295516.0
295526.0
295536.0
295546.0
295556.0
295566.0
295576.0
295586.0
295596.0
295606.0
295616.0
295626.0
295636.0
295646.0
295656.0
295666.0
295676.0
295686.0
295696.0
295706.0
295716.0
295726.0
295736.0
295744.4348695916
295744.4348774279
295744.43488526414
295744.4348931004
295744.43490093667
295744.43490877294
295744.4349166092
295744.43492444546
295746.0
295756.0
295766.0
295776.0
295786.0
295796.0
295806.0
295816.0
295826.0
295836.0
295846.0
295856.0
295866.0
295876.0
295886.0
295896.0
295906.0
295916.0
295926.0
295936.0
295946.0
295956.0
295966.0
295976.0
295986.0
295996.0
296006.0
296016.0
296026.0
296036.0
296046.0
296056.0
367002.08321908215
367002.0832269184
367006.0
367013.98122981057
367013.98123764683
367016.0
367021.96245962114
367021.9624674574
367024.1019892716
367024.10199710785
367026.0
367036.0
367042.08321908215
367042.0832269184
367044.1019892716
367044.10199710785
367046.0
367056.0
367062.08321908215
367062.0832269184
367066.0
367076.0
367079.66574759403
367079.6657554303
367083.7032879729
367083.70329580916
367084.1019892716
367084.10199710785
367086.0
367096.0
367106.0
367114.4006905703
367114.40069840656
367114.4007062428
367114.4007140791
367116.0
367126.0
367136.0
367146.0
367156.0
367166.0
367176.0
367186.0
367196.0
367206.0
367216.0
367226.0
367236.0
367246.0
367256.0
367266.0
367276.0
367286.0
367296.0
367306.0
367316.0
367326.0
367336.0
367346.0
367356.0
367366.0
367376.0
367386.0
367396.0
367406.0
367416.0
367426.0
367436.0
367446.0
367456.0
367466.0
367476.0
367486.0
367496.0
367506.0
367516.0
367526.0
367536.0
367546.0
367556.0
367566.0
367576.0
367586.0
367596.0
367606.0
367616.0
367626.0
367636.0
367646.0
367656.0
367666.0
367676.0
367686.0
367696.0
367706.0
367716.0
367726.0
367736.0
367746.0
554006.0
554016.0
554019.1510996843
554019.1511075206
554026.0
554029.1510996843
554029.1511075206
554036.0
554039.1510996843
554039.1511075206
554046.0
554049.1510996843
554049.1511075206
554056.0
554059.1510996843
554059.1511075206
554066.0
554069.1510996843
554069.1511075206
554076.0
554079.1510996843
554079.1511075206
554086.0
554089.1510996843
554089.1511075206
554096.0
554099.1510996843
554099.1511075206
554106.0
554116.0
554119.1510996843
554119.1511075206
554126.0
554129.1510996843
554129.1511075206
554136.0
554139.1510996843
554139.1511075206
554146.0
554149.1510996843
554149.1511075206
554156.0
554159.1510996843
554159.1511075206
554166.0
554169.1510996843
554169.1511075206
554176.0
554179.1510996843
554179.1511075206
554186.0
554189.1510996843
554189.1511075206
554196.0
554206.0
554209.1510996843
554209.1511075206
554216.0
554219.1510996843
554219.1511075206
554226.0
554229.1510996843
554229.1511075206
554236.0
554239.1510996843
554239.1511075206
554246.0
554249.1510996843
554249.1511075206
554256.0
554266.0
554276.0
554286.0
554296.0
554306.0
554316.0
554326.0
554336.0
554340.3157976312
554340.3158054674
554340.3158133037
554340.31582114
554340.3158289762
554340.3158368125
554340.3158446488
554340.315852485
554340.3158603213
554340.3158681575
554340.3158759938
554340.3158838301
554340.3158916663
554340.3158995026
554340.3159073389
554340.3159151751
554340.3159230114
554340.3159308477
554340.3159386839
554340.3159465202
554340.3159543565
554340.3159621927
554340.315970029
554340.3159778652
554340.3159857015
554340.3159935378
554340.316001374
554340.3160092103
554346.0
554356.0
554366.0
554376.0
554386.0
554396.0
554406.0
554416.0
554426.0
554436.0
554446.0
554456.0
554466.0
554476.0
554486.0
554496.0
554506.0
554516.0
554526.0
554536.0
554546.0
554556.0
554566.0
554576.0
554586.0
554596.0
554606.0
554616.0
554626.0
554636.0
554646.0
554656.0
554666.0
554676.0
554686.0
554696.0
554706.0
554716.0
554726.0
554736.0
554746.0
554756.0
554766.0
554776.0
554786.0
554796.0
554806.0
554816.0
554826.0
554836.0
554846.0
554856.0
554866.0
554876.0
554886.0
554896.0
554906.0
554916.0
554926.0
554936.0
554946.0
554956.0
554966.0
554976.0
554986.0
554996.0
555006.0
555016.0
555026.0
555036.0
555046.0
656006.0
656009.1050486589
656009.1050564952
656016.0
656019.1050486589
656019.1050564952
656026.0
656029.1050486589
656029.1050564952
656036.0
656039.1050486589
656039.1050564952
656046.0
656049.1050486589
656049.1050564952
656056.0
656059.1050486589
656059.1050564952
656066.0
656069.1050486589
656069.1050564952
656076.0
656086.0
656089.1050486589
656089.1050564952
656096.0
656099.1050486589
656099.1050564952
656106.0
656116.0
656119.1050486589
656119.1050564952
656126.0
656129.1050486589
656129.1050564952
656136.0
656139.1050486589
656139.1050564952
656146.0
656149.1050486589
656149.1050564952
656156.0
656159.1050486589
656159.1050564952
656166.0
656169.1050486589
656169.1050564952
656176.0
656179.1050486589
656179.1050564952
656186.0
656189.1050486589
656189.1050564952
656196.0
656199.1050486589
656199.1050564952
656206.0
656209.1050486589
656209.1050564952
656216.0
656219.1050486589
656219.1050564952
656226.0
656229.1050486589
656229.1050564952
656236.0
656239.1050486589
656239.1050564952
656246.0
656249.1050486589
656249.1050564952
656256.0
656259.1050486589
656259.1050564952
656266.0
656269.1050486589
656269.1050564952
656276.0
656277.2927721185
656277.2927799547
656277.292787791
656277.2927956273
656277.2928034635
656277.2928112998
656277.292819136
656277.2928269723
656279.1050486589
656279.1050564952
656286.0
656289.1050486589
656289.1050564952
656296.0
656299.1050486589
656299.1050564952
656306.0
656309.1050486589
656309.1050564952
656316.0
656319.1050486589
656319.1050564952
656326.0
656329.1050486589
656329.1050564952
656336.0
656339.1050486589
656339.1050564952
656346.0
656349.1050486589
656349.1050564952
656356.0
656359.1050486589
656359.1050564952
656366.0
656369.1050486589
656369.1050564952
656376.0
656386.0
656396.0
656406.0
656416.0
656426.0
656436.0
656446.0
656456.0
656466.0
656476.0
656486.0
656496.0
656506.0
656516.0
656526.0
656536.0
656546.0
656556.0
656566.0
656576.0
656586.0
656596.0
656606.0
656616.0
656626.0
656636.0
656646.0
656656.0
656666.0
656676.0
656686.0
656696.0
656706.0
656716.0
656726.0
656736.0
656746.0
656756.0
656766.0
656776.0
656786.0
656796.0
656806.0
656816.0
656826.0
656836.0
656838.2927721185
656838.2927799547
656838.292787791
656838.2927956273
656838.2928034635
656838.2928112998
656838.292819136
656838.2928269723
656838.2928348086
656838.2928426448
656838.2928504811
656838.2928583174
656838.2928661536
656838.2928739899
656838.2928818262
656838.2928896624
656838.2928974987
656838.292905335
656838.2929131712
656838.2929210075
656838.2929288438
656838.29293668
656838.2929445163
656838.2929523526
656838.2929601888
656838.2929680251
656838.2929758613
656838.2929836976
656846.0
656856.0
656866.0
656876.0
656886.0
656896.0
656906.0
656916.0
656926.0
656936.0
656946.0
656956.0
656966.0
656976.0
656986.0
656996.0
657006.0
657016.0
657026.0
657036.0
657046.0
657056.0
657066.0
