57001.1753346931
57001.175342766495
57006.0
57016.0
57026.0
57026.32791525418
57026.327923327575
57036.0
57046.0
57056.0
57066.0
57076.0
57086.0
57096.0
57106.0
57116.0
57126.0
57136.0
57146.0
57156.0
57166.0
57176.0
57186.0
57196.0
57206.0
57216.0
57226.0
57236.0
57246.0
57256.0
57266.0
57276.0
57286.0
57296.0
57306.0
57316.0
57326.0
57336.0
57346.0
57356.0
57366.0
57376.0
57386.0
57396.0
57406.0
57416.0
57426.0
57436.0
57446.0
57456.0
57466.0
57476.0
57486.0
57496.0
57506.0
57516.0
57526.0
57536.0
57546.0
57556.0
57566.0
57576.0
57586.0
57596.0
57606.0
57616.0
57626.0
57636.0
57646.0
57656.0
57666.0
57676.0
57686.0
57696.0
57706.0
57716.0
57726.0
57736.0
57746.0
57756.0
57766.0
57776.0
57786.0
57796.0
57806.0
57816.0
57826.0
57836.0
57846.0
57856.0
57866.0
57876.0
57886.0
57896.0
57906.0
57916.0
57926.0
57936.0
57946.0
57956.0
57966.0
57976.0
57986.0
57996.0
58006.0
58016.0
58026.0
58036.0
58046.0
58056.0
58066.0
58076.0
58086.0
58096.0
58106.0
58116.0
58126.0
58136.0
58146.0
58156.0
58166.0
58176.0
133004.0159168369
133004.01592491032
133004.9111969993
133004.9112050727
133006.0
133016.0
133024.0159168369
133024.01592491032
133024.9111969993
133024.9112050727
133026.0
133036.0
133036.1060021941
133036.1060102675
133036.1060183409
133036.10602641432
133036.10603448772
133036.10604256112
133046.0
133046.59657886368
133046.59658693708
133055.507775863
133055.5077839364
133056.0
133064.0159168369
133064.01592491032
133066.0
133076.0
133084.0159168369
133084.01592491032
133084.01593298372
133084.01594105712
133086.0
133087.3147409221
133087.3147489955
133087.3147570689
133087.3147651423
133087.3147732157
133087.3147812891
133096.0
133104.6124957006
133104.612503774
133106.0
133114.9111969993
133114.9112050727
133116.0
133126.0
133134.0159168369
133134.01592491032
133136.0
133146.0
133156.0
133166.0
133176.0
133186.0
133196.0
133206.0
133216.0
133226.0
133236.0
133246.0
133256.0
133266.0
133276.0
133286.0
133296.0
133306.0
133316.0
133326.0
133336.0
133346.0
133356.0
133366.0
133376.0
133386.0
133396.0
133406.0
133416.0
133426.0
133436.0
133446.0
133456.0
133466.0
133476.0
133486.0
133496.0
133506.0
133516.0
133526.0
133536.0
133546.0
133556.0
133566.0
133576.0
133586.0
133596.0
133606.0
133616.0
133626.0
133636.0
133646.0
133656.0
133666.0
133676.0
133686.0
133696.0
133706.0
133716.0
133726.0
133736.0
133746.0
133756.0
133766.0
133776.0
133786.0
133796.0
133806.0
133816.0
133826.0
133836.0
133846.0
133856.0
133866.0
133876.0
133886.0
133896.0
133906.0
133916.0
133926.0
133936.0
133946.0
133956.0
133966.0
133976.0
133986.0
133996.0
134006.0
134016.0
134026.0
134036.0
134046.0
134056.0
134066.0
134076.0
134086.0
134096.0
134106.0
134116.0
243004.6450872068
243004.6450952802
243005.88452887646
243005.88453694986
243006.0
243016.0
243024.58261649264
243024.58262456604
243026.0
243035.29130824632
243035.29131631972
243036.0
243042.18212860543
243042.18213667884
243046.0
243055.52753883088
243055.52754690428
243056.0
243066.0
243073.5995121128
243073.5995201862
243074.4218561385
243074.4218642119
243076.0
243084.3911152143
243084.3911232877
243086.0
243094.6450872068
243094.6450952802
243096.0
243105.48582757777
243105.48583565117
243106.0
243113.5995121128
243113.5995201862
243116.0
243125.05507766176
243125.05508573516
243126.0
243136.0
243146.0
243156.0
243166.0
243176.0
243186.0
243196.0
243206.0
243216.0
243226.0
243236.0
243246.0
243256.0
243266.0
243276.0
243286.0
243296.0
243306.0
243316.0
243326.0
243336.0
243346.0
243356.0
243366.0
243376.0
243386.0
243396.0
243406.0
243416.0
243426.0
243436.0
243446.0
243456.0
243466.0
243476.0
243486.0
243496.0
243506.0
243516.0
243526.0
243536.0
243546.0
243556.0
243566.0
243576.0
243586.0
243596.0
243606.0
243616.0
243626.0
243636.0
243646.0
243656.0
243666.0
243676.0
243686.0
243696.0
243706.0
243716.0
243726.0
243736.0
243746.0
243756.0
243766.0
243776.0
243786.0
243796.0
243806.0
243816.0
243826.0
243836.0
243846.0
243856.0
243866.0
243876.0
243886.0
243896.0
243906.0
243916.0
243926.0
243936.0
243946.0
243956.0
243964.68252849267
243964.68253656608
243966.0
243976.0
384006.0
384015.7456313497
384015.7456394231
384016.0
384016.4430339471
384016.4430420205
384026.0
384026.5179240838
384026.5179321572
384036.0
384044.8359874192
384044.8359954926
384046.0
384055.3940764257
384055.3940844991
384056.0
384056.1443326484
384056.1443407218
384066.0
384075.7456313497
384075.7456394231
384076.0
384085.7456313497
384085.7456394231
384086.0
384087.7127292786
384087.712737352
384096.0
384105.7456313497
384105.7456394231
384106.0
384107.7127292786
384107.712737352
384116.0
384126.0
384136.0
384145.7251365631
384145.7251446365
384145.7251527099
384145.72516078333
384146.0
384156.0
384166.0
384176.0
384186.0
384196.0
384206.0
384216.0
384226.0
384236.0
384246.0
384256.0
384266.0
384276.0
384286.0
384296.0
384306.0
384316.0
384326.0
384336.0
384346.0
384356.0
384366.0
384376.0
384386.0
384396.0
384406.0
384416.0
384426.0
384436.0
384446.0
384456.0
384466.0
384476.0
384486.0
384496.0
384506.0
384516.0
384526.0
384536.0
384546.0
384556.0
384566.0
384576.0
384586.0
384596.0
384606.0
384616.0
384626.0
384636.0
384646.0
384656.0
384666.0
384676.0
384686.0
384696.0
384706.0
384716.0
384726.0
384736.0
384746.0
384756.0
384766.0
384776.0
384786.0
384796.0
384806.0
384816.0
384826.0
384836.0
384846.0
384856.0
384866.0
384876.0
384886.0
384896.0
384906.0
384916.0
384926.0
384936.0
384946.0
384956.0
500006.0
500015.83668660553
500016.0
500026.0
500026.19283397077
500026.19284188066
500036.0
500046.0
500056.0
500056.0295205763
500066.0
500076.0
500076.0295205763
500086.0
500087.6230270698
500088.0217283685
500096.0
500106.0
500115.95744606655
500115.95745397644
500116.0
500116.95354996267
500116.95355787256
500116.95356578246
500126.0
500126.5428503182
500136.0
500146.0
500156.0
500156.2353879042
500166.0
500166.07207450975
500167.06817840587
500167.06818631577
500167.06819422566
500176.0
500176.35614736524
500186.0
500196.0
500206.0
500206.76947710715
500206.76948501705
500216.0
500217.06817840587
500217.06818631577
500217.06819422566
500226.0
500236.0
500236.2353879042
500246.0
500256.0
500266.0
500276.0
500286.0
500296.0
500306.0
500316.0
500326.0
500336.0
500346.0
500356.0
500366.0
500376.0
500386.0
500396.0
500406.0
500416.0
500426.0
500436.0
500446.0
500456.0
500466.0
500476.0
500486.0
500496.0
500506.0
500516.0
500526.0
500536.0
500546.0
500556.0
500566.0
500576.0
500586.0
500596.0
500606.0
500616.0
500626.0
500636.0
500646.0
500656.0
500666.0
500676.0
500686.0
500696.0
500706.0
500716.0
500726.0
500729.6007805954
500736.0
500746.0
500756.0
500766.0
500776.0
500786.0
500796.0
500806.0
500816.0
500826.0
500836.0
500846.0
500856.0
500866.0
500876.0
500886.0
500896.0
500906.0
500916.0
500926.0
500936.0
500946.0
500956.0
500966.0
500976.0
500986.0
500996.0
501006.0
501016.0
501026.0
501036.0
613006.0
613007.8999553488
613016.0
613017.8999553488
613026.0
613027.8999553488
613036.0
613037.8999553488
613046.0
613047.8999553488
613056.0
613066.0
613067.8999553488
613076.0
613077.8999553488
613086.0
613087.8999553488
613096.0
613097.8999553488
613106.0
613107.8999553488
613116.0
613117.8999553488
613126.0
613136.0
613137.8999553488
613146.0
613147.8999553488
613156.0
613157.8999553488
613166.0
613167.8999553488
613176.0
613177.8999553488
613186.0
613187.8999553488
613196.0
613197.8999553488
613206.0
613216.0
613217.8999553488
613226.0
613227.8999553488
613236.0
613237.8999553488
613246.0
613247.8999553488
613256.0
613266.0
613276.0
613286.0
613296.0
613306.0
613316.0
613326.0
613336.0
613346.0
613356.0
613366.0
613376.0
613386.0
613396.0
613406.0
613416.0
613426.0
613436.0
613446.0
613456.0
613466.0
613476.0
613486.0
613496.0
613506.0
613516.0
613526.0
613536.0
613546.0
613556.0
613566.0
613576.0
613586.0
613596.0
613606.0
613616.0
613626.0
613636.0
613646.0
613656.0
613666.0
613676.0
613686.0
613696.0
613706.0
613716.0
613726.0
613736.0
613746.0
613756.0
