2204002.9154227683
2204002.915430454
2204006.0
2204016.0
2204026.0
2204036.0
2204046.0
2204056.0
2204066.0
2204076.0
2204086.0
2204096.0
2204106.0
2204116.0
2204126.0
2204136.0
2204146.0
2204156.0
2204166.0
2204176.0
2204186.0
2204196.0
2204206.0
2204216.0
2204226.0
2204236.0
2204246.0
2204256.0
2204266.0
2204276.0
2204286.0
2204296.0
2204306.0
2204316.0
2204326.0
2204336.0
2204346.0
2204356.0
2204366.0
2204376.0
2204386.0
2204396.0
2204406.0
2204416.0
2204426.0
2204436.0
2204446.0
2204456.0
2204466.0
2204476.0
2204486.0
2204496.0
2204506.0
2204516.0
2204526.0
2204536.0
2204546.0
2204556.0
2204566.0
2204576.0
2204586.0
2204596.0
2204606.0
2204616.0
2204626.0
2204636.0
2204646.0
2204656.0
2204666.0
2204676.0
2204686.0
2204696.0
2204706.0
2204716.0
2204726.0
2204736.0
2204746.0
2204756.0
2204766.0
2204776.0
2204786.0
2204796.0
2204806.0
2204816.0
2204826.0
2204836.0
2204846.0
2204856.0
2204859.197959098
2204859.197966784
2204866.0
2204876.0
2204886.0
2204896.0
2204906.0
2204916.0
2204926.0
2204936.0
2204946.0
2204956.0
2204966.0
2204976.0
2204986.0
2204996.0
2205006.0
2205016.0
2205026.0
2205036.0
2205046.0
2205056.0
2205066.0
2205076.0
2205086.0
2205096.0
2205106.0
2205116.0
2205126.0
2205136.0
2205146.0
2205156.0
2205166.0
2205176.0
2205186.0
2453005.2723763892
2453005.272384075
2453006.0
2453015.2723763892
2453015.272384075
2453016.0
2453025.2723763892
2453025.272384075
2453026.0
2453035.2723763892
2453035.272384075
2453036.0
2453045.2723763892
2453045.272384075
2453046.0
2453055.2723763892
2453055.272384075
2453056.0
2453066.0
2453074.8736750907
2453074.8736827765
2453076.0
2453084.8736750907
2453084.8736827765
2453086.0
2453094.8736750907
2453094.8736827765
2453096.0
2453104.8736750907
2453104.8736827765
2453106.0
2453114.8736750907
2453114.8736827765
2453116.0
2453124.8736750907
2453124.8736827765
2453126.0
2453134.875137207
2453134.875144893
2453136.0
2453146.0
2453156.0
2453166.0
2453176.0
2453186.0
2453196.0
2453206.0
2453216.0
2453226.0
2453236.0
2453246.0
2453256.0
2453266.0
2453276.0
2453286.0
2453296.0
2453306.0
2453316.0
2453326.0
2453336.0
2453346.0
2453356.0
2453366.0
2453376.0
2453386.0
2453396.0
2453406.0
2453416.0
2453426.0
2453436.0
2453446.0
2453456.0
2453466.0
2453476.0
2453486.0
2453496.0
2453506.0
2453516.0
2453526.0
2453536.0
2453546.0
2453556.0
2453566.0
2453576.0
2453586.0
2453596.0
2453606.0
2453616.0
2453626.0
2453636.0
2453646.0
2453656.0
2453666.0
2453676.0
2453686.0
2453696.0
2453698.3764359085
2453698.376443594
3439006.0
3439006.957572597
3439016.0
3439016.957572597
3439026.0
3439026.957572597
3439036.0
3439036.957572597
3439046.0
3439046.957572597
3439056.0
3439056.957572597
3439066.0
3439076.0
3439076.957572597
3439086.0
3439086.957572597
3439096.0
3439106.0
3439106.957572597
3439116.0
3439116.957572597
3439126.0
3439126.957572597
3439136.0
3439136.957572597
3439146.0
3439146.957572597
3439156.0
3439156.957572597
3439166.0
3439166.957572597
3439176.0
3439176.957572597
3439186.0
3439186.957572597
3439196.0
3439196.957572597
3439206.0
3439206.957572597
3439216.0
3439216.957572597
3439226.0
3439226.957572597
3439236.0
3439236.957572597
3439246.0
3439246.957572597
3439256.0
3439266.0
3439276.0
3439286.0
3439296.0
3439306.0
3439316.0
3439326.0
3439336.0
3439346.0
3439356.0
3439366.0
3439376.0
3439386.0
3439396.0
3439406.0
3439416.0
3439426.0
3439436.0
3439446.0
3439456.0
3439466.0
3439476.0
3439486.0
3439496.0
3439506.0
3439516.0
3439526.0
3439536.0
3439546.0
3439556.0
3439566.0
3439569.3322692844
3439576.0
3439586.0
3439596.0
3439606.0
3439616.0
3439626.0
3439636.0
3439646.0
3439656.0
3439666.0
3439676.0
3439686.0
3439696.0
3439706.0
3439716.0
3439726.0
3439736.0
