221002.640807631
221002.64081546722
221006.0
221016.0
221026.0
221036.0
221046.0
221056.0
221066.0
221076.0
221086.0
221096.0
221106.0
221116.0
221126.0
221136.0
221146.0
221156.0
221166.0
221176.0
221186.0
221196.0
221206.0
221216.0
221226.0
221236.0
221246.0
221256.0
221266.0
221276.0
221286.0
221296.0
221306.0
221316.0
221326.0
221336.0
221346.0
221356.0
221366.0
221376.0
221386.0
221396.0
221406.0
221416.0
221426.0
221436.0
221446.0
221456.0
221466.0
221476.0
221486.0
221496.0
221506.0
221516.0
221526.0
221536.0
221546.0
221556.0
221566.0
221576.0
221586.0
221596.0
221606.0
221616.0
221626.0
221636.0
221646.0
221656.0
221666.0
221676.0
221686.0
221696.0
221706.0
221716.0
221726.0
221736.0
221746.0
221756.0
221766.0
221776.0
221786.0
221796.0
221806.0
221816.0
221826.0
221836.0
221846.0
221856.0
221866.0
221876.0
221886.0
221896.0
221906.0
221916.0
221926.0
221936.0
221946.0
221952.06066727702
221952.06067511326
221956.0
295006.0
295015.76432424516
295015.7643320814
295016.0
295026.0
295026.0029215836
295026.00292941986
295036.0
295045.36562294647
295045.36563078273
295046.0
295055.8821621226
295055.88216995884
295056.0
295066.0
295075.4834608239
295075.48346866015
295075.8821621226
295075.88216995884
295076.0
295086.0
295094.9669216478
295094.96692948404
295095.36562294647
295095.36563078273
295096.0
295096.0029215836
295096.00292941986
295106.0
295115.36562294647
295115.36563078273
295116.0
295126.0
295136.0
295146.0
295156.0
295166.0
295176.0
295183.74170858087
295183.74171641713
295183.7417242534
295183.74173208966
295186.0
295196.0
295206.0
295216.0
295226.0
295236.0
295246.0
295256.0
295266.0
295276.0
295286.0
295296.0
295306.0
295316.0
295326.0
295336.0
295346.0
295356.0
295366.0
295376.0
295386.0
295396.0
295406.0
295416.0
295426.0
295436.0
295446.0
295456.0
295466.0
295476.0
295486.0
295496.0
295506.0
295516.0
295526.0
295536.0
295546.0
295556.0
295566.0
295576.0
295586.0
295596.0
295606.0
295616.0
295626.0
295636.0
295646.0
295656.0
295666.0
295676.0
295686.0
295696.0
295706.0
295716.0
295726.0
295736.0
295744.74170858087
295744.74171641713
295744.7417242534
295744.74173208966
295744.7417399259
295744.7417477622
295744.74175559846
295744.7417634347
295744.741771271
295744.74177910725
295744.7417869435
295744.7417947798
295744.74180261604
295744.7418104523
295744.7418182886
295744.74182612484
295746.0
295756.0
295766.0
295776.0
295786.0
295796.0
295806.0
295816.0
367005.86101807543
367005.8610259117
367006.0
367015.86101807543
367015.8610259117
367016.0
367025.86101807543
367025.8610259117
367026.0
367035.86101807543
367035.8610259117
367036.0
367045.86101807543
367045.8610259117
367046.0
367055.9025369975
367055.9025448338
367056.0
367064.9701074761
367064.9701153124
367066.0
367076.0
367076.015688138
367076.0156959743
367076.4143894367
367076.414397273
367086.0
367086.2597193741
367086.2597272104
367096.0
367096.3012382962
367096.30124613247
367106.0
367116.0
367116.1389599131
367116.1389677494
367125.99997798854
367125.9999858248
367126.0
367136.0
367146.0
367156.0
367166.0
367176.0
367186.0
367196.0
367206.0
367216.0
367226.0
367236.0
367246.0
367256.0
367266.0
367276.0
367286.0
367296.0
367306.0
367316.0
367326.0
367336.0
367346.0
367356.0
367366.0
367376.0
367386.0
367396.0
367406.0
367416.0
367426.0
367436.0
367446.0
367456.0
367466.0
367476.0
367486.0
367496.0
367506.0
367516.0
367526.0
367536.0
367546.0
367556.0
367566.0
367576.0
367586.0
367596.0
367606.0
367616.0
367626.0
367636.0
367646.0
367656.0
367666.0
367676.0
367686.0
367696.0
367706.0
367716.0
367726.0
367736.0
367746.0
367756.0
367766.0
367776.0
367786.0
367796.0
367806.0
367816.0
367826.0
367836.0
367846.0
367856.0
367866.0
367876.0
367886.0
367896.0
367906.0
367916.0
367926.0
367936.0
367946.0
367956.0
554006.0
554007.0442423845
554007.0442502208
554016.0
554017.9677253079
554017.9677331442
554026.0
554036.0
554037.0442423845
554037.0442502208
554046.0
554047.0442423845
554047.0442502208
554056.0
554057.0442423845
554057.0442502208
554066.0
554067.0442423845
554067.0442502208
554076.0
554077.0442423845
554077.0442502208
554086.0
554087.0442423845
554087.0442502208
554096.0
554097.0442423845
554097.0442502208
554106.0
554107.0442423845
554107.0442502208
554116.0
554117.0442423845
554117.0442502208
554126.0
554127.0442423845
554127.0442502208
554136.0
554137.0442423845
554137.0442502208
554146.0
554147.0442423845
554147.0442502208
554156.0
554166.0
554176.0
554177.0442423845
554177.0442502208
554186.0
554187.0442423845
554187.0442502208
554196.0
554197.0442423845
554197.0442502208
554206.0
554207.0442423845
554207.0442502208
554216.0
554217.0442423845
554217.0442502208
554226.0
554227.0442423845
554227.0442502208
554236.0
554246.0
554247.0442423845
554247.0442502208
554256.0
554266.0
554276.0
554286.0
554296.0
554306.0
554316.0
554326.0
554336.0
554339.2623689813
554339.2623768175
554339.2623846538
554339.26239249
554339.2624003263
554339.2624081626
554339.2624159988
554339.2624238351
554339.2624316714
554339.2624395076
554339.2624473439
554339.2624551802
554339.2624630164
554339.2624708527
554339.262478689
554339.2624865252
554339.2624943615
554339.2625021978
554346.0
554356.0
554366.0
554376.0
554386.0
554396.0
554406.0
554416.0
554426.0
554436.0
554446.0
554456.0
554466.0
554476.0
554486.0
554496.0
554506.0
554516.0
554526.0
554536.0
554546.0
554556.0
554566.0
554576.0
554586.0
554596.0
554606.0
554616.0
554626.0
554636.0
554646.0
554656.0
554666.0
554676.0
554686.0
554696.0
554706.0
554716.0
554726.0
554736.0
554746.0
554756.0
554766.0
554776.0
554786.0
554796.0
554806.0
554816.0
554826.0
554836.0
554846.0
554856.0
554866.0
554876.0
554886.0
554896.0
554906.0
554916.0
554926.0
554936.0
554946.0
554956.0
554966.0
554976.0
656006.0
656008.606269362
656008.6062771983
656016.0
656018.606269362
656018.6062771983
656026.0
656028.606269362
656028.6062771983
656036.0
656038.606269362
656038.6062771983
656046.0
656048.606269362
656048.6062771983
656056.0
656058.606269362
656058.6062771983
656066.0
656068.606269362
656068.6062771983
656076.0
656078.606269362
656078.6062771983
656086.0
656088.606269362
656088.6062771983
656096.0
656098.606269362
656098.6062771983
656106.0
656116.0
656126.0
656128.606269362
656128.6062771983
656136.0
656138.606269362
656138.6062771983
656146.0
656156.0
656158.606269362
656158.6062771983
656166.0
656168.606269362
656168.6062771983
656176.0
656186.0
656188.606269362
656188.6062771983
656196.0
656198.606269362
656198.6062771983
656206.0
656216.0
656218.606269362
656218.6062771983
656226.0
656228.606269362
656228.6062771983
656236.0
656238.606269362
656238.6062771983
656246.0
656248.606269362
656248.6062771983
656256.0
656258.606269362
656258.6062771983
656266.0
656268.606269362
656268.6062771983
656276.0
656277.04338247
656277.0433903063
656277.0433981426
656277.0434059788
656277.0434138151
656277.0434216514
656277.0434294876
656277.0434373239
656277.0434451601
656277.0434529964
656278.606269362
656278.6062771983
656286.0
656288.606269362
656288.6062771983
656296.0
656298.606269362
656298.6062771983
656306.0
656308.606269362
656308.6062771983
656316.0
656318.606269362
656318.6062771983
656326.0
656328.606269362
656328.6062771983
656336.0
656338.606269362
656338.6062771983
656346.0
656348.606269362
656348.6062771983
656356.0
656366.0
656368.606269362
656368.6062771983
656376.0
656386.0
656396.0
656406.0
656416.0
656426.0
656436.0
656446.0
656456.0
656466.0
656476.0
656486.0
656496.0
656506.0
656516.0
656526.0
656536.0
656546.0
656556.0
656566.0
656576.0
656586.0
656596.0
656606.0
656616.0
656626.0
656636.0
656646.0
656656.0
656666.0
656676.0
656686.0
656696.0
656706.0
656716.0
656726.0
656736.0
656746.0
656756.0
656766.0
656776.0
656786.0
656796.0
656806.0
656816.0
656826.0
656836.0
656838.04338247
656838.0433903063
656838.0433981426
656838.0434059788
656838.0434138151
656838.0434216514
656838.0434294876
656838.0434373239
656838.0434451601
656838.0434529964
656838.0434608327
656838.0434686689
656838.0434765052
656838.0434843415
656838.0434921777
656838.043500014
656838.0435078503
656838.0435156865
656846.0
656856.0
656866.0
656876.0
656886.0
656896.0
656906.0
656916.0
656926.0
656936.0
656946.0
656956.0
656966.0
656976.0
656986.0
656996.0
657006.0
657016.0
657026.0
657036.0
657046.0
657056.0
657066.0
657076.0
657086.0
