369006.0
369016.0
369026.0
369036.0
369046.0
369056.0
369066.0
369076.0
369086.0
369096.0
369106.0
369116.0
369126.0
369136.0
369146.0
369156.0
369166.0
369176.0
369186.0
369196.0
369206.0
369216.0
369226.0
369236.0
369246.0
369256.0
369266.0
369276.0
369286.0
369296.0
369306.0
369316.0
369326.0
369336.0
369346.0
369356.0
369366.0
369376.0
369386.0
369396.0
369406.0
369416.0
369426.0
369436.0
369446.0
369456.0
369466.0
369476.0
369486.0
369496.0
369506.0
369516.0
369526.0
369536.0
369546.0
369556.0
369566.0
369576.0
369586.0
369596.0
369606.0
369616.0
369626.0
369636.0
369646.0
369656.0
369666.0
369676.0
369686.0
369696.0
369706.0
369716.0
369726.0
369736.0
369746.0
369756.0
369766.0
369776.0
369786.0
369796.0
369806.0
369816.0
530006.0
530006.9817120489
530006.9817200671
530016.0
530016.9817120489
530016.9817200671
530026.0
530026.9817120489
530026.9817200671
530036.0
530036.9817120489
530036.9817200671
530046.0
530046.9817120489
530046.9817200671
530056.0
530056.9817120489
530056.9817200671
530066.0
530076.0
530076.9817120489
530076.9817200671
530086.0
530086.9817120489
530086.9817200671
530096.0
530106.0
530106.5830107501
530106.5830187683
530106.9817120489
530106.9817200671
530116.0
530116.9817120489
530116.9817200671
530126.0
530126.9817120489
530126.9817200671
530136.0
530146.0
530156.0
530166.0
530176.0
530186.0
530196.0
530206.0
530216.0
530226.0
530236.0
530246.0
530256.0
530266.0
530276.0
530286.0
530296.0
530306.0
530316.0
530326.0
530336.0
530346.0
530356.0
530366.0
530376.0
530386.0
530396.0
530406.0
530416.0
530426.0
530436.0
530446.0
530456.0
530466.0
530476.0
530486.0
530496.0
530506.0
530516.0
530526.0
530536.0
530546.0
530556.0
530566.0
530576.0
530586.0
530596.0
530606.0
530616.0
530626.0
530636.0
530646.0
530656.0
530666.0
530676.0
530686.0
530696.0
530706.0
530716.0
530726.0
530736.0
530746.0
530756.0
530766.0
530776.0
530786.0
530796.0
530806.0
530816.0
530826.0
530836.0
530846.0
530856.0
530866.0
530876.0
530886.0
530896.0
530906.0
530916.0
530926.0
530936.0
530946.0
530956.0
530966.0
530976.0
530986.0
530996.0
531006.0
531016.0
531026.0
531036.0
531046.0
531056.0
531066.0
531076.0
531086.0
531096.0
531106.0
531116.0
531126.0
531136.0
531146.0
531156.0
627006.0
627006.6869580206
627006.6869660388
627016.0
627016.6869580206
627016.6869660388
627026.0
627026.6869580206
627026.6869660388
627036.0
627036.6869580206
627036.6869660388
627046.0
627046.6869580206
627046.6869660388
627056.0
627056.6869580206
627056.6869660388
627066.0
627066.6869580206
627066.6869660388
627076.0
627076.6869580206
627076.6869660388
627086.0
627086.6869580206
627086.6869660388
627096.0
627106.0
627106.6869580206
627106.6869660388
627116.0
627116.6869580206
627116.6869660388
627126.0
627126.6869580206
627126.6869660388
627136.0
627136.6869580206
627136.6869660388
627146.0
627146.6869580206
627146.6869660388
627156.0
627156.6869580206
627156.6869660388
627166.0
627166.6869580206
627166.6869660388
627176.0
627176.6869580206
627176.6869660388
627186.0
627196.0
627196.6869580206
627196.6869660388
627206.0
627206.6869580206
627206.6869660388
627216.0
627216.6869580206
627216.6869660388
627226.0
627236.0
627246.0
627246.6869580206
627246.6869660388
627256.0
627266.0
627276.0
627286.0
627296.0
627306.0
627316.0
627326.0
627336.0
627346.0
627356.0
627363.0837268903
627363.0837349085
627363.0837429267
627363.0837509449
627363.0837589632
627363.0837669814
627363.0837749996
627363.0837830178
627363.083791036
627363.0837990543
627363.0838070725
627363.0838150907
627363.0838231089
627363.0838311272
627363.0838391454
627363.0838471636
627363.0838551818
627363.0838632
627363.0838712183
627363.0838792365
627366.0
627376.0
627386.0
627396.0
627406.0
627416.0
627426.0
627436.0
627446.0
627456.0
627466.0
627476.0
627486.0
627496.0
627506.0
627516.0
627526.0
627536.0
627546.0
627556.0
627566.0
627576.0
627586.0
627596.0
627606.0
627616.0
627626.0
627636.0
627646.0
627656.0
627666.0
627676.0
627686.0
627696.0
627706.0
627716.0
627726.0
627736.0
627746.0
627756.0
627766.0
627776.0
627786.0
627796.0
627806.0
627816.0
627826.0
627836.0
627846.0
627856.0
627866.0
627876.0
627886.0
627896.0
627906.0
627916.0
627926.0
627936.0
627946.0
627956.0
627966.0
627976.0
761006.0
761007.4454113897
761007.4454194079
761016.0
761017.4454113897
761017.4454194079
761026.0
761027.4454113897
761027.4454194079
761036.0
761037.4454113897
761037.4454194079
761046.0
761047.4454113897
761047.4454194079
761056.0
761057.4454113897
761057.4454194079
761066.0
761067.4454113897
761067.4454194079
761076.0
761077.4454113897
761077.4454194079
761086.0
761087.4454113897
761087.4454194079
761093.4629535748
761093.4629615931
761096.0
761097.4454113897
761097.4454194079
761106.0
761107.4454113897
761107.4454194079
761116.0
761117.4454113897
761117.4454194079
761126.0
761127.4454113897
761127.4454194079
761136.0
761137.4454113897
761137.4454194079
761146.0
761147.4454113897
761147.4454194079
761156.0
761166.0
761167.4454113897
761167.4454194079
761176.0
761177.4454113897
761177.4454194079
761186.0
761187.4454113897
761187.4454194079
761196.0
761197.4454113897
761197.4454194079
761206.0
761207.4454113897
761207.4454194079
761216.0
761217.4454113897
761217.4454194079
761226.0
761227.4454113897
761227.4454194079
761236.0
761237.4454113897
761237.4454194079
761246.0
761247.4454113897
761247.4454194079
761256.0
761266.0
761276.0
761286.0
761296.0
761306.0
761316.0
761326.0
761336.0
761346.0
761356.0
761366.0
761376.0
761386.0
761396.0
761406.0
761416.0
761426.0
761436.0
761446.0
761456.0
761466.0
761476.0
761486.0
761496.0
761506.0
761508.4629535748
761508.4629615931
761508.4629696113
761508.4629776295
761508.4629856477
761508.462993666
761508.4630016842
761508.4630097024
761508.4630177206
761508.4630257388
761508.463033757
761508.4630417753
761508.4630497935
761508.4630578117
761508.46306583
761508.4630738482
761508.4630818664
761508.4630898846
761508.4630979028
761508.463105921
761516.0
761526.0
761536.0
761546.0
761556.0
761566.0
761576.0
761586.0
761596.0
761606.0
761616.0
761626.0
761636.0
761646.0
761656.0
761666.0
761676.0
761686.0
761696.0
761706.0
761716.0
761726.0
761736.0
761746.0
761756.0
761766.0
761776.0
761786.0
761796.0
761806.0
761816.0
761826.0
761836.0
761846.0
761856.0
761866.0
761876.0
761886.0
761896.0
761906.0
761916.0
761926.0
761936.0
761946.0
761956.0
761966.0
928006.0
928008.0830628739
928016.0
928017.3012618169
928026.0
928027.3012618169
928036.0
928037.3012618169
928046.0
928056.0
928058.0830628739
928066.0
928068.864863931
928076.0
928077.3012618169
928086.0
928088.4817641727
928096.0
928097.3012618169
928106.0
928107.3012618169
928116.0
928117.3012618169
928126.0
928127.3012618169
928136.0
928146.0
928147.3012618169
928156.0
928166.0
928167.3012618169
928176.0
928178.4817641727
928186.0
928187.3012618169
928196.0
928197.3012618169
928206.0
928207.3012618169
928216.0
928217.3012618169
928226.0
928228.4817641727
928236.0
928237.3012618169
928246.0
928247.3012618169
928256.0
928266.0
928276.0
928286.0
928296.0
928306.0
928316.0
928326.0
928336.0
928346.0
928356.0
928366.0
928376.0
928386.0
928396.0
928406.0
928416.0
928426.0
928436.0
928446.0
928456.0
928466.0
928476.0
928486.0
928496.0
928506.0
928516.0
928526.0
928536.0
928546.0
928556.0
928566.0
928576.0
928586.0
928596.0
928606.0
928616.0
928626.0
928636.0
928646.0
928656.0
928666.0
928676.0
928686.0
928696.0
928706.0
928716.0
928726.0
928736.0
928746.0
928756.0
928766.0
928776.0
928786.0
928796.0
928806.0
928816.0
928826.0
928836.0
928846.0
928856.0
1004006.0
1004009.6560896977
1004016.0
1004019.6560896977
1004026.0
1004029.6560896977
1004036.0
1004039.6560896977
1004046.0
1004049.6560896977
1004056.0
1004059.6560896977
1004066.0
1004069.6560896977
1004076.0
1004079.6560896977
1004086.0
1004089.6560896977
1004096.0
1004099.6560896977
1004106.0
1004109.6560896977
1004116.0
1004119.6560896977
1004126.0
1004136.0
1004146.0
1004149.6560896977
1004156.0
1004159.6560896977
1004166.0
1004169.6560896977
1004176.0
1004179.6560896977
1004186.0
1004189.6560896977
1004196.0
1004199.6560896977
1004206.0
1004209.6560896977
1004216.0
1004226.0
1004229.9547909964
1004229.9547992221
1004236.0
1004246.0
1004249.5353302367
1004253.1914199344
1004256.0
1004266.0
1004276.0
1004286.0
1004296.0
1004306.0
1004316.0
1004326.0
1004336.0
1004346.0
1004356.0
1004366.0
1004376.0
1004386.0
1004396.0
1004406.0
1004416.0
1004426.0
1004436.0
1004446.0
1004456.0
1004466.0
1004476.0
1004486.0
1004496.0
1004506.0
1004516.0
1004526.0
1004536.0
1004546.0
1004556.0
1004566.0
1004576.0
1004586.0
1004596.0
1004606.0
1004616.0
1004626.0
1004636.0
1004646.0
1004656.0
1004666.0
1004676.0
1004686.0
1004696.0
1004706.0
1004716.0
1004726.0
1004736.0
1004746.0
1004756.0
1004766.0
1004776.0
1004786.0
1004796.0
1004806.0
1004816.0
1004826.0
1004836.0
1004846.0
1004856.0
1004866.0
1004876.0
1004886.0
1004896.0
1004906.0
1004916.0
1004926.0
1004936.0
1004946.0
1004956.0
1004966.0
1004976.0
1004986.0
1004996.0
1005006.0
1005016.0
1005026.0
1005036.0
1005046.0
1005056.0
1005066.0
1005076.0
1061006.0
1061007.5281007162
1061016.0
1061026.0
1061027.023780738
1061036.0
1061037.023780738
1061046.0
1061047.023780738
1061056.0
1061057.023780738
1061066.0
1061076.0
1061086.0
1061087.023780738
1061096.0
1061097.023780738
1061106.0
1061107.023780738
1061116.0
1061117.023780738
1061126.0
1061127.023780738
1061136.0
1061137.023780738
1061146.0
1061147.023780738
1061156.0
1061157.023780738
1061166.0
1061167.926802015
1061176.0
1061178.431121993
1061186.0
1061196.0
1061197.926802015
1061206.0
1061207.023780738
1061216.0
1061217.023780738
1061226.0
1061227.023780738
1061236.0
1061237.023780738
1061246.0
1061247.023780738
1061256.0
1061266.0
1061276.0
1061286.0
1061296.0
1061306.0
1061316.0
1061326.0
1061336.0
1061337.9678909471
1061346.0
1061356.0
1061366.0
1061376.0
1061386.0
1061396.0
1061406.0
1061416.0
1061426.0
1061436.0
1061446.0
1061456.0
1061466.0
1061476.0
1061486.0
1061496.0
1061506.0
1061516.0
1061526.0
1061536.0
1061546.0
1061556.0
1061566.0
1061576.0
1061586.0
1061596.0
1061606.0
1061616.0
1061626.0
1061636.0
1061646.0
1061656.0
1061666.0
1061676.0
1061686.0
1061696.0
1061706.0
1061716.0
1061726.0
1061736.0
1061746.0
1061756.0
1061766.0
1061776.0
1061786.0
1061796.0
1061806.0
1061816.0
1061826.0
1061836.0
1061846.0
1061856.0
1061866.0
1061876.0
1061886.0
1061896.0
1061906.0
1061916.0
1061926.0
1346005.814799593
1346006.0
1346015.814799593
1346016.0
1346026.0
1346035.814799593
1346036.0
1346036.2135008918
1346046.0
1346055.814799593
1346056.0
1346065.814799593
1346066.0
1346066.2135008918
1346076.0
1346076.2135008918
1346086.0
1346086.2135008918
1346096.0
1346096.2135008918
1346106.0
1346106.2135008918
1346116.0
1346116.2135008918
1346126.0
1346126.2135008918
1346136.0
1346146.0
1346156.0
1346166.0
1346176.0
1346186.0
1346196.0
1346206.0
1346216.0
1346226.0
1346236.0
1346246.0
1346256.0
1346266.0
1346276.0
1346286.0
1346296.0
1346306.0
1346316.0
1346326.0
1346336.0
1346346.0
1346356.0
1346366.0
1346376.0
1346386.0
1346396.0
1346406.0
1346416.0
1346426.0
1346436.0
1346446.0
1346456.0
1346466.0
1346476.0
1346486.0
1346496.0
1346506.0
1346516.0
1346526.0
1346536.0
1346546.0
1346556.0
1346566.0
1346576.0
1346586.0
1346596.0
1346606.0
1346616.0
1346626.0
1346636.0
1346640.562751024
1346646.0
1346656.0
1346666.0
1346676.0
1346686.0
1346696.0
1346706.0
1346716.0
1346726.0
1346736.0
1346746.0
1346756.0
1346766.0
1346776.0
1346786.0
1346796.0
1346806.0
1346816.0
1346826.0
1346836.0
1346846.0
1346856.0
1346866.0
1346876.0
1346886.0
1346896.0
1346906.0
1346916.0
1346926.0
1346936.0
1346946.0
1346956.0
1346966.0
1346976.0
1346986.0
1346996.0
1347006.0
1347016.0
1347026.0
1347036.0
1347046.0
1347056.0
1347066.0
1347076.0
1347086.0
1347096.0
1347106.0
1839006.0
1839006.9926679905
1839016.0
1839016.9926679905
1839026.0
1839026.9926679905
1839036.0
1839036.9926679905
1839046.0
1839056.0
1839056.9926679905
1839066.0
1839066.9926679905
1839076.0
1839076.9926679905
1839086.0
1839086.9926679905
1839096.0
1839096.9926679905
1839106.0
1839116.0
1839116.9926679905
1839126.0
1839136.0
1839136.9926679905
1839146.0
1839146.9926679905
1839156.0
1839166.0
1839166.9926679905
1839176.0
1839186.0
1839186.9926679905
1839196.0
1839196.9926679905
1839206.0
1839206.9926679905
1839216.0
1839226.0
1839226.9926679905
1839236.0
1839236.9926679905
1839246.0
1839246.9926679905
1839256.0
1839266.0
1839276.0
1839286.0
1839296.0
1839306.0
1839316.0
1839326.0
1839336.0
1839346.0
1839356.0
1839366.0
1839376.0
1839386.0
1839396.0
1839406.0
1839416.0
1839426.0
1839436.0
1839446.0
1839456.0
1839466.0
1839476.0
1839486.0
1839496.0
1839506.0
1839516.0
1839526.0
1839536.0
1839546.0
1839556.0
1839566.0
1839576.0
1839586.0
1839596.0
1839606.0
1839616.0
1839626.0
1839636.0
1839646.0
1839656.0
1839666.0
1839676.0
1839686.0
1839696.0
1839706.0
1839716.0
1839726.0
1839736.0
1839746.0
1839756.0
1839766.0
1839776.0
57001.01988382403
57001.01989189743
57002.549540468994
57002.54954854239
57006.0
57016.0
57026.0
57026.449540468995
57026.44954854239
57036.0
57046.0
57056.0
57066.0
57076.0
57086.0
57096.0
57106.0
57116.0
57126.0
57136.0
57146.0
57156.0
57166.0
57176.0
57186.0
57196.0
57206.0
57216.0
57226.0
57236.0
57246.0
57256.0
57266.0
57276.0
57286.0
57296.0
57306.0
57316.0
57326.0
57336.0
57346.0
57356.0
57366.0
57376.0
57386.0
57396.0
57406.0
57416.0
57426.0
57436.0
57446.0
57456.0
57466.0
57476.0
57486.0
57496.0
57506.0
57516.0
57526.0
57536.0
57546.0
57556.0
57566.0
57576.0
57586.0
57596.0
57606.0
57616.0
57626.0
57636.0
57646.0
57656.0
57666.0
57676.0
57686.0
57696.0
57706.0
57716.0
57726.0
57736.0
57746.0
133006.0
133016.0
133020.82417932845
133020.82418740186
133021.22288062715
133021.22288870055
133026.0
133036.0
133036.31466035038
133036.3146684238
133041.46890436148
133041.46891243488
133046.0
133056.0
133056.31466035038
133056.3146684238
133063.35968945955
133063.35969753296
133066.0
133076.0
133076.46733791474
133076.46734598815
133086.0
133096.0
133096.06863661605
133096.06864468945
133103.74243170657
133103.74243977998
133106.0
133112.28282072995
133112.28282880335
133116.0
133116.1367185127
133116.1367265861
133126.0
133133.84723211592
133133.84724018932
133136.0
133146.0
133156.0
133166.0
133176.0
133186.0
133196.0
133206.0
133216.0
133226.0
133236.0
133246.0
133256.0
133266.0
133276.0
133286.0
133296.0
133306.0
133316.0
133326.0
133336.0
133346.0
133356.0
133366.0
133376.0
133386.0
133396.0
133406.0
133416.0
133426.0
133436.0
133446.0
133456.0
133466.0
133476.0
133486.0
133496.0
133506.0
133516.0
133526.0
133536.0
133546.0
133556.0
133566.0
133576.0
133586.0
133596.0
133606.0
133616.0
133626.0
133636.0
133646.0
133656.0
133666.0
133676.0
133686.0
133696.0
133706.0
133716.0
133726.0
133736.0
133746.0
133756.0
133766.0
133776.0
133786.0
133796.0
133806.0
133816.0
133826.0
133836.0
133846.0
133856.0
133866.0
133876.0
133886.0
133896.0
133906.0
133916.0
133926.0
133936.0
133946.0
243004.31527381623
243004.31528188963
243006.0
243009.38673994417
243009.38674801757
243016.0
243023.29731158313
243023.29731965653
243026.0
243035.15763690812
243035.15764498152
243036.0
243042.45494849124
243042.45495656464
243046.0
243055.45633820683
243055.45634628023
243056.0
243062.45494849124
243062.45495656464
243066.0
243076.0
243083.41807104414
243083.41807911755
243086.0
243095.15763690812
243095.15764498152
243096.0
243105.45633820683
243105.45634628023
243106.0
243109.64991737792
243109.64992545132
243116.0
243123.29731158313
243123.29731965653
243126.0
243136.0
243146.0
243156.0
243166.0
243176.0
243186.0
243196.0
243206.0
243216.0
243226.0
243236.0
243246.0
243256.0
243266.0
243276.0
243286.0
243296.0
243306.0
243316.0
243326.0
243336.0
243346.0
243356.0
243366.0
243376.0
243386.0
243396.0
243406.0
243416.0
243426.0
243436.0
243446.0
243456.0
243466.0
243476.0
243486.0
243496.0
243506.0
243516.0
243526.0
243536.0
243546.0
243556.0
243566.0
243576.0
243586.0
243596.0
243606.0
243616.0
243626.0
243636.0
243646.0
243656.0
243666.0
243676.0
243686.0
243696.0
243706.0
243716.0
243726.0
243736.0
243746.0
243756.0
243766.0
243776.0
243786.0
243796.0
243806.0
243816.0
243826.0
243836.0
243846.0
243856.0
243866.0
243876.0
243886.0
243896.0
243906.0
243916.0
243926.0
243936.0
243946.0
243956.0
243964.379462239
243964.37947031241
243966.0
243976.0
243986.0
243996.0
244006.0
244016.0
244026.0
244036.0
244046.0
244056.0
384003.8329265252
384003.8329345986
384003.832942672
384003.8329507454
384006.0
384016.0
384021.1256328297
384021.1256409031
384023.5342252265
384023.5342332999
384026.0
384036.0
384046.0
384050.1502883946
384050.150296468
384050.5489896933
384050.5489977667
384056.0
384063.4134657655
384063.4134738389
384066.0
384073.1033579904
384073.1033660638
384076.0
384084.74959100544
384084.74959907884
384086.0
384095.6898922249
384095.6899002983
384096.0
384096.6707264191
384096.6707344925
384106.0
384108.9585593549
384108.9585674283
384116.0
384119.8752238351
384119.8752319085
384126.0
384136.0
384146.0
384156.0
384166.0
384176.0
384186.0
384196.0
384206.0
384216.0
384226.0
384236.0
384246.0
384256.0
384266.0
384276.0
384286.0
384296.0
384306.0
384316.0
384326.0
384336.0
384346.0
384356.0
384366.0
384376.0
384386.0
384396.0
384406.0
384416.0
384426.0
384436.0
384446.0
384456.0
384466.0
384476.0
384486.0
384496.0
384506.0
384516.0
384526.0
384536.0
384546.0
384556.0
384566.0
384576.0
384586.0
384596.0
384606.0
384616.0
384626.0
384636.0
384646.0
384656.0
384666.0
384676.0
384686.0
384696.0
384706.0
384716.0
384726.0
384736.0
384746.0
384756.0
384766.0
384776.0
384786.0
384796.0
384806.0
384816.0
384826.0
384836.0
384846.0
384856.0
384866.0
384876.0
384886.0
384896.0
384906.0
384916.0
384926.0
384936.0
384946.0
384956.0
384966.0
384976.0
384986.0
384996.0
385006.0
385016.0
385026.0
385036.0
500006.0
500016.0
500017.79367207916
500018.19237337785
500020.3847467557
500026.0
500036.0
500038.6118341376
500038.6118420475
500046.0
500056.0
500058.19237337785
500060.3847467557
500066.0
500076.0
500078.19237337785
500080.3847467557
500086.0
500096.0
500098.19237337785
500100.5055062167
500106.0
500110.5055062167
500116.0
500120.5055062167
500126.0
500136.0
500146.0
500148.19237337785
500150.3847467557
500156.0
500166.0
500168.19237337785
500169.986045457
500176.0
500186.0
500190.3847467557
500196.0
500198.31313283887
500206.0
500210.5055062167
500216.0
500226.0
500236.0
500237.79367207916
500238.19237337785
500240.3847467557
500246.0
500256.0
500266.0
500276.0
500286.0
500296.0
500306.0
500316.0
500326.0
500336.0
500346.0
500356.0
500366.0
500376.0
500386.0
500396.0
500406.0
500416.0
500426.0
500436.0
500446.0
500456.0
500466.0
500476.0
500486.0
500496.0
500506.0
500516.0
500526.0
500536.0
500546.0
500556.0
500566.0
500576.0
500586.0
500596.0
500606.0
500616.0
500626.0
500636.0
500646.0
500656.0
500666.0
500676.0
500686.0
500696.0
500706.0
500716.0
500726.0
500730.700898547
500736.0
500746.0
500756.0
500766.0
500776.0
500786.0
500796.0
500806.0
500816.0
500826.0
500836.0
500846.0
500856.0
500866.0
500876.0
500886.0
500896.0
500906.0
500916.0
500926.0
500936.0
500946.0
500956.0
500966.0
500976.0
500986.0
500996.0
501006.0
501016.0
501026.0
501036.0
501046.0
501056.0
501066.0
501076.0
501086.0
501096.0
501106.0
501116.0
501126.0
501136.0
501146.0
501156.0
613006.0
613006.1616283224
613016.0
613016.1616283224
613026.0
613026.1616283224
613036.0
613036.1616283224
613046.0
613046.1616283224
613056.0
613056.1616283224
613066.0
613066.1616283224
613076.0
613076.1616283224
613086.0
613086.1616283224
613096.0
613106.0
613106.1616283224
613116.0
613116.1616283224
613126.0
613126.1616283224
613136.0
613136.1616283224
613146.0
613146.1616283224
613156.0
613156.1616283224
613166.0
613166.1616283224
613176.0
613176.1616283224
613186.0
613196.0
613196.1616283224
613206.0
613206.1616283224
613216.0
613216.1616283224
613226.0
613226.1616283224
613236.0
613236.1616283224
613246.0
613256.0
613266.0
613276.0
613286.0
613296.0
613306.0
613316.0
613326.0
613336.0
613346.0
613356.0
613366.0
613376.0
613386.0
613396.0
613406.0
613416.0
613426.0
613436.0
613446.0
613456.0
613466.0
613476.0
613486.0
613496.0
613506.0
613516.0
613526.0
613536.0
613546.0
613556.0
613566.0
613576.0
613586.0
613596.0
613606.0
613616.0
613626.0
613636.0
613646.0
613656.0
613666.0
613676.0
613686.0
613696.0
613706.0
613716.0
613726.0
613736.0
613746.0
613756.0
613766.0
613776.0
613786.0
613796.0
613806.0
613816.0
613826.0
613836.0
613846.0
613856.0
613866.0
613876.0
613886.0
613896.0
613906.0
613916.0
613926.0
613936.0
613946.0
613956.0
613966.0
613976.0
613986.0
613996.0
614006.0
614016.0
614026.0
614036.0
614046.0
614056.0
614066.0
