103002.88300451716
103002.8830122028
103006.0
103016.0
103026.0
103036.0
103046.0
103056.0
103066.0
103076.0
103086.0
103096.0
103106.0
103116.0
103126.0
103136.0
103146.0
103156.0
103166.0
103176.0
103186.0
103196.0
103206.0
103216.0
103226.0
103236.0
103246.0
103256.0
103266.0
103276.0
103286.0
103296.0
103306.0
103316.0
103326.0
103336.0
103346.0
103356.0
103366.0
103376.0
103386.0
103396.0
103406.0
103416.0
103426.0
103436.0
103446.0
103456.0
103466.0
103476.0
103486.0
103496.0
103506.0
103516.0
103526.0
103536.0
103546.0
103556.0
103566.0
103576.0
103586.0
103596.0
103606.0
103616.0
103626.0
103636.0
103646.0
103656.0
103666.0
103676.0
103686.0
103696.0
103706.0
103716.0
103726.0
103736.0
103746.0
103756.0
103766.0
103776.0
103786.0
103796.0
103806.0
103816.0
103826.0
103836.0
103846.0
103856.0
103866.0
103876.0
103886.0
103896.0
103906.0
103916.0
103926.0
103936.0
103946.0
103956.0
103966.0
103976.0
103986.0
103996.0
104006.0
104016.0
104026.0
104036.0
104046.0
104056.0
104066.0
104076.0
104086.0
104096.0
104106.0
104116.0
765002.5865642594
765006.0
765016.0
765026.0
765036.0
765046.0
765056.0
765066.0
765076.0
765086.0
765096.0
765106.0
765116.0
765126.0
765136.0
765146.0
765156.0
765166.0
765176.0
765186.0
765196.0
765206.0
765216.0
765226.0
765236.0
765246.0
765256.0
765266.0
765276.0
765286.0
765296.0
765306.0
765316.0
765326.0
765336.0
765346.0
765356.0
765366.0
765376.0
765386.0
765396.0
765404.1969937203
765406.0
765416.0
765426.0
765436.0
765446.0
765456.0
765466.0
765476.0
765486.0
765496.0
765506.0
765516.0
765526.0
765536.0
765546.0
765556.0
765566.0
765576.0
765586.0
765596.0
765606.0
765616.0
765626.0
765636.0
765646.0
765656.0
765666.0
765676.0
765686.0
765696.0
765706.0
765716.0
765726.0
765736.0
765746.0
765756.0
765766.0
765776.0
765786.0
765796.0
765806.0
765816.0
765826.0
765836.0
765846.0
765856.0
1231005.9959004861
1231006.0
1231015.956669995
1231016.0
1231025.956669995
1231026.0
1231036.0
1231036.0490944586
1231045.956669995
1231046.0
1231056.0
1231056.0490944586
1231065.956669995
1231066.0
1231076.0
1231076.0490944586
1231086.0
1231086.0283349976
1231096.0
1231096.0490944586
1231105.956669995
1231106.0
1231115.935910534
1231116.0
1231126.0
1231126.0490944586
1231136.0
1231146.0
1231156.0
1231166.0
1231176.0
1231186.0
1231196.0
1231206.0
1231216.0
1231226.0
1231236.0
1231246.0
1231256.0
1231266.0
1231276.0
1231286.0
1231296.0
1231306.0
1231316.0
1231326.0
1231336.0
1231346.0
1231356.0
1231366.0
1231376.0
1231386.0
1231396.0
1231406.0
1231416.0
1231426.0
1231436.0
1231446.0
1231456.0
1231466.0
1231476.0
1231486.0
1231496.0
1231498.3022685016
1231506.0
1231516.0
1231526.0
1231536.0
1231546.0
1231556.0
1231566.0
1231576.0
1231586.0
1231596.0
1231606.0
1231616.0
1231626.0
1231636.0
1231646.0
1231656.0
1231666.0
1231676.0
1231686.0
1231696.0
1231706.0
1231716.0
1231726.0
1231736.0
1231746.0
1231756.0
1231766.0
1231776.0
1231786.0
1231796.0
1231806.0
1231816.0
1231826.0
1231836.0
1231846.0
1231856.0
1454005.0686214308
1454006.0
1454016.0
1454024.0164834005
1454025.0686214308
1454026.0
1454035.0686214308
1454036.0
1454046.0
1454055.0686214308
1454056.0
1454060.1217623677
1454066.0
1454074.4151846992
1454076.0
1454086.0
1454095.4673227295
1454096.0
1454105.4673227295
1454106.0
1454115.4673227295
1454116.0
1454126.0
1454136.0
1454146.0
1454156.0
1454166.0
1454176.0
1454186.0
1454196.0
1454206.0
1454216.0
1454226.0
1454236.0
1454246.0
1454256.0
1454266.0
1454276.0
1454286.0
1454296.0
1454306.0
1454316.0
1454326.0
1454336.0
1454346.0
1454356.0
1454366.0
1454376.0
1454386.0
1454396.0
1454406.0
1454416.0
1454426.0
1454436.0
1454446.0
1454456.0
1454466.0
1454476.0
1454486.0
1454496.0
1454506.0
1454516.0
1454526.0
1454536.0
1454546.0
1454556.0
1454566.0
1454576.0
1454586.0
1454596.0
1454606.0
1454616.0
1454626.0
1454636.0
1454646.0
1454656.0
1454666.0
1454676.0
1454686.0
1454696.0
1454706.0
1454716.0
1454726.0
1454736.0
1454746.0
1454756.0
1454766.0
1454776.0
1454786.0
1454796.0
1454806.0
1454816.0
1454826.0
1454836.0
1454846.0
1454856.0
1454866.0
1454876.0
1454886.0
1454896.0
1454906.0
1454916.0
1454926.0
1454936.0
1454946.0
1454956.0
1454966.0
1454976.0
1454986.0
1454996.0
1455006.0
1623006.0
1623006.7527460083
1623016.0
1623016.7527460083
1623026.0
1623026.7527460083
1623036.0
1623037.2639730945
1623046.0
1623056.0
1623056.7527460083
1623066.0
1623067.3847325556
1623076.0
1623076.7527460083
1623086.0
1623096.0
1623106.0
1623106.7527460083
1623116.0
1623116.7527460083
1623126.0
1623126.7527460083
1623136.0
1623146.0
1623156.0
1623166.0
1623176.0
1623186.0
1623196.0
1623206.0
1623216.0
1623226.0
1623236.0
1623246.0
1623256.0
1623266.0
1623276.0
1623286.0
1623296.0
1623306.0
1623316.0
1623326.0
1623336.0
1623346.0
1623356.0
1623366.0
1623376.0
1623386.0
1623396.0
1623406.0
1623416.0
1623426.0
1623436.0
1623446.0
1623456.0
1623466.0
1623476.0
1623486.0
1623496.0
1623506.0
1623516.0
1623526.0
1623536.0
1623546.0
1623556.0
1623566.0
1623576.0
1623586.0
1623596.0
1623606.0
1623616.0
1623626.0
1623636.0
1623646.0
1623656.0
1623666.0
1623676.0
1623686.0
1623696.0
1623706.0
1623716.0
1623726.0
1623736.0
1623746.0
1623756.0
1623766.0
1623776.0
1623786.0
1623796.0
1623806.0
1623816.0
1623826.0
1623836.0
1623846.0
1623856.0
1623866.0
1623876.0
1623886.0
1623896.0
1623906.0
1623916.0
1623926.0
1623936.0
1623946.0
1623956.0
1623966.0
1623976.0
1623986.0
1623996.0
1624006.0
1624016.0
1624026.0
1624036.0
1624046.0
1624056.0
1660004.2144267897
1660006.0
1660014.2144267897
1660016.0
1660026.0
1660027.3864987015
1660036.0
1660040.8004627456
1660046.0
1660050.8004627456
1660054.2144267897
1660056.0
1660059.694665047
1660066.0
1660076.0
1660082.706795417
1660086.0
1660092.8105927221
1660096.0
1660106.0
1660114.2144267897
1660116.0
1660126.0
1660136.0
1660146.0
1660156.0
1660166.0
1660176.0
1660186.0
1660196.0
1660206.0
1660216.0
1660226.0
1660236.0
1660246.0
1660256.0
1660266.0
1660276.0
1660286.0
1660296.0
1660306.0
1660316.0
1660326.0
1660336.0
1660346.0
1660356.0
1660366.0
1660376.0
1660386.0
1660396.0
1660406.0
1660416.0
1660426.0
1660436.0
1660446.0
1660456.0
1660466.0
1660476.0
1660486.0
1660496.0
1660506.0
1660516.0
1660526.0
1660536.0
1660546.0
1660556.0
1660566.0
1660576.0
1660586.0
1660596.0
1660606.0
1660616.0
1660626.0
1660636.0
1660646.0
1660656.0
1660666.0
1660676.0
1660686.0
1660696.0
1660706.0
1660716.0
1660726.0
1660736.0
1660746.0
1660756.0
1660761.594665047
1660766.0
1660776.0
1660786.0
1660796.0
1660806.0
1660816.0
1660826.0
1660836.0
1660846.0
1660856.0
1660866.0
1660876.0
1660886.0
1660896.0
1660906.0
1660916.0
1660926.0
1660936.0
1812006.0
1812006.4544598646
1812016.0
1812016.4544598646
1812026.0
1812036.0
1812036.4544598646
1812046.0
1812046.7881602682
1812056.0
1812056.4544598646
1812066.0
1812066.4544598646
1812076.0
1812076.4544598646
1812086.0
1812096.0
1812096.4544598646
1812106.0
1812106.4544598646
1812116.0
1812116.4544598646
1812126.0
1812136.0
1812136.7881602682
1812146.0
1812156.0
1812156.6674008071
1812166.0
1812166.4544598646
1812176.0
1812176.7881602682
1812186.0
1812196.0
1812206.0
1812206.4544598646
1812216.0
1812216.7881602682
1812226.0
1812226.7881602682
1812236.0
1812236.4544598646
1812246.0
1812246.7881602682
1812256.0
1812266.0
1812276.0
1812286.0
1812296.0
1812306.0
1812316.0
1812326.0
1812336.0
1812346.0
1812356.0
1812366.0
1812376.0
1812386.0
1812396.0
1812406.0
1812416.0
1812426.0
1812436.0
1812446.0
1812456.0
1812466.0
1812476.0
1812478.6725704272
1812486.0
1812496.0
1812506.0
1812516.0
1812526.0
1812536.0
1812546.0
1812556.0
1812566.0
1812576.0
1812586.0
1812596.0
1812606.0
1812616.0
1812626.0
1812636.0
1812646.0
1812656.0
1812666.0
1812676.0
1812686.0
1812696.0
1812706.0
1812716.0
1812726.0
1812736.0
1812746.0
1812756.0
1812766.0
1812776.0
2144003.552772242
2144006.0
2144013.552772242
2144016.0
2144023.552772242
2144026.0
2144033.552772242
2144036.0
2144043.552772242
2144046.0
2144053.552772242
2144056.0
2144063.552772242
2144066.0
2144073.552772242
2144076.0
2144083.552772242
2144086.0
2144093.552772242
2144096.0
2144106.0
2144113.552772242
2144116.0
2144121.221726616
2144126.0
2144136.0
2144146.0
2144156.0
2144166.0
2144176.0
2144186.0
2144196.0
2144206.0
2144216.0
2144226.0
2144236.0
2144246.0
2144256.0
2144266.0
2144276.0
2144286.0
2144296.0
2144306.0
2144316.0
2144326.0
2144336.0
2144346.0
2144356.0
2144366.0
2144376.0
2144386.0
2144396.0
2144406.0
2144416.0
2144426.0
2144436.0
2144446.0
2144456.0
2144466.0
2144476.0
2144486.0
2144496.0
2144506.0
2144516.0
2144526.0
2144536.0
2144546.0
2144556.0
2144566.0
2144576.0
2144586.0
2144596.0
2144606.0
2144616.0
2144626.0
2144636.0
2144646.0
2144656.0
2144666.0
2144676.0
2144686.0
2144696.0
2144706.0
2144716.0
2144726.0
2144736.0
2144746.0
2312002.7936845548
2312006.0
2312016.0
2312026.0
2312036.0
2312046.0
2312056.0
2312066.0
2312076.0
2312086.0
2312096.0
2312106.0
2312116.0
2312126.0
2312136.0
2312146.0
2312156.0
2312166.0
2312176.0
2312186.0
2312196.0
2312206.0
2312216.0
2312226.0
2312236.0
2312246.0
2312256.0
2312266.0
2312276.0
2312286.0
2312296.0
2312306.0
2312316.0
2312326.0
2312336.0
2312346.0
2312356.0
2312366.0
2312376.0
2312386.0
2312396.0
2312406.0
2312416.0
2312426.0
2312436.0
2312446.0
2312456.0
2312466.0
2312476.0
2312486.0
2312496.0
2312506.0
2312516.0
2312526.0
2312536.0
2312546.0
2312556.0
2312566.0
2312576.0
2312586.0
2312596.0
2312606.0
2312616.0
2312626.0
2312636.0
2312646.0
2312656.0
2312666.0
2312676.0
2312686.0
2312696.0
2312706.0
2312716.0
2312726.0
2312736.0
2312746.0
2312756.0
2312766.0
2312776.0
2312786.0
2312796.0
2312806.0
2312816.0
2312826.0
2312836.0
2312846.0
2312856.0
2312866.0
2312876.0
2312886.0
2312896.0
2312906.0
2312916.0
2312926.0
2312936.0
2312946.0
2312956.0
2312966.0
2312976.0
2312986.0
2312996.0
2313006.0
2313016.0
2313026.0
2313036.0
2313046.0
2313056.0
2313066.0
2313076.0
2313086.0
2313096.0
2313102.284890332
2726006.0
2726015.7101891763
2726016.0
2726025.7101891763
2726026.0
2726035.7101891763
2726036.0
2726045.7101891763
2726046.0
2726055.7101891763
2726056.0
2726065.7101891763
2726066.0
2726075.7101891763
2726076.0
2726085.7101891763
2726086.0
2726095.7101891763
2726096.0
2726105.7101891763
2726106.0
2726115.7101891763
2726116.0
2726125.7101891763
2726126.0
2726136.0
2726146.0
2726156.0
2726166.0
2726176.0
2726186.0
2726196.0
2726206.0
2726216.0
2726226.0
2726236.0
2726246.0
2726256.0
2726266.0
2726276.0
2726286.0
2726296.0
2726306.0
2726316.0
2726326.0
2726336.0
2726346.0
2726356.0
2726366.0
2726376.0
2726386.0
2726396.0
2726406.0
2726416.0
2726426.0
2726436.0
2726446.0
2726456.0
2726466.0
2726476.0
2726486.0
2726496.0
2726506.0
2726516.0
2726526.0
2726536.0
2726546.0
2726556.0
2726566.0
2726576.0
2726586.0
2726596.0
2726606.0
2726616.0
2726626.0
2726636.0
2726646.0
2726656.0
2726666.0
2726676.0
2726686.0
2726696.0
2726706.0
2726716.0
2726726.0
2726736.0
2726746.0
2726756.0
2726766.0
2726776.0
2726786.0
2726796.0
2726806.0
2726816.0
2726826.0
2726836.0
2726846.0
2726856.0
2726866.0
2726876.0
2726886.0
2726896.0
2726906.0
2726916.0
2726926.0
2726936.0
2726946.0
2726956.0
2726966.0
2726976.0
2726986.0
2726996.0
2727006.0
2727016.0
2727026.0
2727036.0
2727046.0
2727056.0
2727066.0
2727076.0
2727086.0
2727096.0
2727106.0
2727116.0
2910006.0
2910008.0821911874
2910016.0
2910018.0821911874
2910026.0
2910028.0821911874
2910036.0
2910038.0821911874
2910046.0
2910048.0821911874
2910056.0
2910058.0821911874
2910066.0
2910068.0821911874
2910076.0
2910078.0821911874
2910086.0
2910088.0821911874
2910096.0
2910098.0821911874
2910106.0
2910108.0821911874
2910116.0
2910118.0821911874
2910126.0
2910128.0821911874
2910136.0
2910138.0821911874
2910146.0
2910148.0821911874
2910156.0
2910158.0821911874
2910166.0
2910168.0821911874
2910176.0
2910178.0821911874
2910186.0
2910188.0821911874
2910196.0
2910198.0821911874
2910206.0
2910208.0821911874
2910216.0
2910218.0821911874
2910226.0
2910228.0821911874
2910236.0
2910246.0
2910248.0821911874
2910256.0
2910266.0
2910276.0
2910286.0
2910296.0
2910306.0
2910316.0
2910326.0
2910336.0
2910346.0
2910356.0
2910366.0
2910376.0
2910386.0
2910396.0
2910406.0
2910416.0
2910426.0
2910436.0
2910446.0
2910456.0
2910466.0
2910476.0
2910486.0
2910496.0
2910506.0
2910516.0
2910526.0
2910536.0
2910546.0
2910556.0
2910566.0
2910576.0
2910586.0
2910596.0
2910606.0
2910616.0
2910626.0
2910636.0
2910646.0
2910656.0
2910666.0
2910676.0
2910686.0
2910696.0
2910706.0
2910716.0
2910726.0
2910736.0
2910746.0
2910756.0
2910766.0
2910776.0
2910786.0
2910796.0
2910806.0
2910816.0
2910826.0
2910836.0
2910846.0
2910856.0
2910866.0
2910876.0
2910886.0
2910896.0
2910906.0
2910916.0
2910926.0
2910936.0
2910946.0
2910956.0
2910966.0
2910976.0
2910986.0
2910996.0
2911006.0
2911016.0
2911026.0
2911036.0
2911046.0
2911056.0
2911066.0
2911076.0
2911086.0
2911096.0
2911106.0
2911116.0
2911126.0
2911136.0
2911146.0
2911156.0
2911166.0
2911176.0
2911186.0
