267006.0
267016.0
267026.0
267036.0
267046.0
267056.0
267066.0
267076.0
267086.0
267096.0
267106.0
267116.0
267126.0
267136.0
267146.0
267156.0
267166.0
267176.0
267186.0
267196.0
267206.0
267216.0
267226.0
267236.0
267246.0
267256.0
267266.0
267276.0
267286.0
267296.0
267306.0
267316.0
267326.0
267336.0
267346.0
267356.0
267366.0
267376.0
267386.0
267396.0
267406.0
267416.0
267426.0
267436.0
267446.0
267456.0
267466.0
267476.0
267486.0
267496.0
267506.0
267516.0
267526.0
267536.0
267546.0
267556.0
267566.0
267576.0
267586.0
267596.0
267606.0
267616.0
267626.0
267636.0
267646.0
267656.0
267666.0
267676.0
267686.0
267696.0
267706.0
267716.0
267726.0
267736.0
267746.0
403006.0
403016.0
403019.74959019833
403019.74959827174
403019.74960634514
403019.74961441854
403019.74962249195
403019.74963056535
403020.44697664893
403020.44698472234
403026.0
403028.344260522
403028.3442685954
403036.0
403038.00038904574
403038.00039711915
403046.0
403056.0
403056.3636580831
403056.3636661565
403057.31228086725
403057.31228894065
403066.0
403068.37334154773
403068.37334962114
403076.0
403077.2481566259
403077.2481646993
403086.0
403096.0
403101.6859791671
403101.6859872405
403106.0
403106.76235938177
403106.7623674552
403116.0
403118.0304590725
403118.0304671459
403126.0
403128.67205899325
403128.67206706665
403136.0
403146.0
403156.0
403166.0
403176.0
403186.0
403196.0
403206.0
403216.0
403226.0
403236.0
403246.0
403256.0
403266.0
403276.0
403286.0
403296.0
403306.0
403316.0
403326.0
403336.0
403346.0
403356.0
403366.0
403376.0
403386.0
403396.0
403406.0
403416.0
403426.0
403436.0
403446.0
403456.0
403466.0
403476.0
403486.0
403496.0
403506.0
403516.0
403526.0
403536.0
403546.0
403556.0
403566.0
403576.0
403586.0
403596.0
403606.0
403616.0
403626.0
403636.0
403646.0
403656.0
403666.0
403676.0
403686.0
403696.0
403706.0
403716.0
403726.0
403736.0
403746.0
403756.0
403766.0
403776.0
403786.0
403796.0
403806.0
403816.0
403826.0
403836.0
403846.0
403856.0
403866.0
403876.0
403886.0
403896.0
403906.0
403916.0
403926.0
403936.0
403946.0
403956.0
403966.0
403976.0
528006.0
528006.1145221055
528006.114530179
528016.0
528016.1145221055
528016.114530179
528026.0
528036.0
528036.1163042071
528036.1163122805
528046.0
528056.0
528056.1171952579
528056.1172033313
528065.0995327621
528065.0995408355
528066.0
528066.5158965567
528066.5159046301
528076.0
528076.5078770996
528076.507885173
528086.0
528096.0
528096.5158965567
528096.5159046301
528106.0
528116.0
528116.5123323535
528116.5123404269
528126.0
528126.5123323535
528126.5123404269
528136.0
528146.0
528156.0
528166.0
528176.0
528186.0
528196.0
528206.0
528216.0
528226.0
528236.0
528246.0
528256.0
528266.0
528276.0
528286.0
528296.0
528306.0
528316.0
528326.0
528336.0
528346.0
528356.0
528366.0
528376.0
528386.0
528396.0
528406.0
528416.0
528426.0
528436.0
528446.0
528456.0
528466.0
528476.0
528486.0
528496.0
528506.0
528516.0
528526.0
528536.0
528546.0
528556.0
528566.0
528576.0
528586.0
528596.0
528606.0
528616.0
528626.0
528636.0
528646.0
528656.0
528666.0
528676.0
528686.0
528696.0
528706.0
528716.0
528726.0
528736.0
528746.0
528756.0
528766.0
528776.0
528786.0
528796.0
528806.0
528816.0
528826.0
528836.0
528846.0
528856.0
528866.0
528876.0
528886.0
528896.0
528906.0
528916.0
528926.0
528936.0
528946.0
528956.0
528966.0
528976.0
528986.0
528996.0
529006.0
529016.0
529026.0
529036.0
529046.0
906005.5467905027
906006.0
906015.5467905027
906016.0
906025.5467905027
906026.0
906035.5467905027
906036.0
906045.5467905027
906046.0
906055.5467905027
906056.0
906065.5467905027
906066.0
906075.5467905027
906076.0
906085.5467905027
906086.0
906095.5467905027
906096.0
906105.5467905027
906106.0
906115.5467905027
906116.0
906125.5467905027
906126.0
906136.0
906146.0
906156.0
906166.0
906176.0
906186.0
906196.0
906206.0
906216.0
906226.0
906236.0
906246.0
906256.0
906266.0
906276.0
906286.0
906296.0
906306.0
906316.0
906326.0
906336.0
906346.0
906356.0
906366.0
906376.0
906386.0
906396.0
906406.0
906416.0
906426.0
906436.0
906446.0
906456.0
906466.0
906476.0
906486.0
906496.0
906506.0
906516.0
906526.0
906536.0
906546.0
906556.0
906566.0
906576.0
906586.0
906596.0
906606.0
906616.0
906626.0
906636.0
906646.0
906656.0
906666.0
906676.0
906686.0
906696.0
906706.0
906716.0
906726.0
906736.0
906746.0
906756.0
906766.0
906776.0
906786.0
906796.0
906806.0
906816.0
906826.0
906836.0
906846.0
906856.0
906866.0
906876.0
906886.0
906896.0
906906.0
906916.0
906926.0
906936.0
906946.0
906956.0
906966.0
906976.0
906986.0
906996.0
907006.0
907016.0
907026.0
907036.0
907046.0
907056.0
907066.0
907076.0
1136004.9853465895
1136006.0
1136014.9853465895
1136016.0
1136024.9853465895
1136025.6827491869
1136026.0
1136036.0
1136044.9853465895
1136046.0
1136054.9853465895
1136056.0
1136060.4788262458
1136066.0
1136070.4788262458
1136076.0
1136084.9853465895
1136086.0
1136094.9853465895
1136096.0
1136104.9853465895
1136106.0
1136114.9853465895
1136116.0
1136125.3840478882
1136126.0
1136136.0
1136146.0
1136156.0
1136166.0
1136176.0
1136186.0
1136196.0
1136206.0
1136216.0
1136226.0
1136236.0
1136246.0
1136256.0
1136266.0
1136276.0
1136286.0
1136296.0
1136306.0
1136316.0
1136326.0
1136336.0
1136346.0
1136356.0
1136366.0
1136376.0
1136386.0
1136396.0
1136406.0
1136416.0
1136426.0
1136436.0
1136446.0
1136456.0
1136466.0
1136476.0
1136486.0
1136496.0
1136506.0
1136516.0
1136526.0
1136536.0
1136546.0
1136556.0
1136566.0
1136576.0
1136586.0
1136596.0
1136606.0
1136616.0
1136626.0
1136631.8301828366
1136636.0
1136646.0
1136656.0
1136666.0
1136676.0
1136686.0
1136696.0
1136706.0
1136716.0
1136726.0
1136736.0
1136746.0
1136756.0
1136766.0
1136776.0
1136786.0
1136796.0
1136806.0
1136816.0
1136826.0
1136836.0
1136846.0
1136856.0
1136866.0
1136876.0
1136886.0
1136896.0
1136906.0
1136916.0
1136926.0
1136936.0
1136946.0
1136956.0
1136966.0
1136976.0
1136986.0
1136996.0
1137006.0
1137016.0
1137026.0
1137036.0
1137046.0
1137056.0
1137066.0
1137076.0
1137086.0
1137096.0
1137106.0
1530006.0
1530007.137083446
1530016.0
1530016.8383821473
1530026.0
1530036.0
1530046.0
1530047.8201221821
1530047.8201299189
1530056.0
1530066.0
1530067.8201221821
1530067.8201299189
1530076.0
1530086.0
1530096.0
1530096.4045575263
1530097.1019601237
1530106.0
1530106.5253169874
1530107.2227195848
1530116.0
1530126.0
1530127.8201221821
1530127.8201299189
1530136.0
1530138.4175247797
1530138.4175325164
1530138.4175402531
1530146.0
1530156.0
1530166.0
1530168.822082306
1530169.2207836048
1530176.0
1530186.0
1530196.0
1530198.4175247797
1530198.4175325164
1530198.4175402531
1530206.0
1530216.0
1530216.5253169874
1530217.5214208835
1530217.5214286202
1530217.521436357
1530226.0
1530236.0
1530238.2390435697
1530246.0
1530248.3246797086
1530256.0
1530266.0
1530276.0
1530286.0
1530296.0
1530306.0
1530316.0
1530326.0
1530336.0
1530346.0
1530356.0
1530366.0
1530376.0
1530386.0
1530396.0
1530406.0
1530416.0
1530426.0
1530436.0
1530446.0
1530456.0
1530466.0
1530476.0
1530486.0
1530496.0
1530506.0
1530516.0
1530526.0
1530536.0
1530546.0
1530556.0
1530566.0
1530576.0
1530586.0
1530596.0
1530606.0
1530616.0
1530626.0
1530636.0
1530646.0
1530656.0
1530666.0
1530676.0
1530686.0
1530696.0
1530706.0
1530716.0
1530726.0
1530736.0
1530746.0
1530756.0
1580005.550352188
1580006.0
1580014.8227625384
1580016.0
1580025.550352188
1580026.0
1580035.6711116491
1580036.0
1580046.0
1580056.0
1580065.6711116491
1580066.0
1580076.0
1580084.7718160253
1580085.6711116491
1580086.0
1580095.6711116491
1580096.0
1580106.0
1580115.550352188
1580116.0
1580124.8227625384
1580126.0
1580136.0
1580146.0
1580156.0
1580166.0
1580176.0
1580186.0
1580196.0
1580206.0
1580216.0
1580226.0
1580236.0
1580246.0
1580256.0
1580266.0
1580276.0
1580286.0
1580296.0
1580306.0
1580316.0
1580326.0
1580336.0
1580346.0
1580356.0
1580366.0
1580376.0
1580386.0
1580396.0
1580406.0
1580416.0
1580426.0
1580436.0
1580446.0
1580456.0
1580466.0
1580476.0
1580486.0
1580496.0
1580506.0
1580516.0
1580526.0
1580536.0
1580546.0
1580556.0
1580566.0
1580576.0
1580586.0
1580596.0
1580606.0
1580616.0
1580626.0
1580636.0
1580646.0
1580656.0
1580666.0
1580676.0
1580686.0
1580696.0
1580706.0
1580716.0
1580726.0
1580736.0
1580746.0
1580756.0
1580766.0
1580776.0
1580786.0
1580796.0
1580806.0
1580816.0
1580826.0
1580836.0
1580846.0
1580856.0
1580866.0
1580876.0
1580886.0
1580896.0
1580906.0
1580916.0
1580926.0
1580936.0
1580946.0
1580956.0
1580966.0
1580976.0
1580986.0
1580996.0
1581006.0
1581016.0
1581026.0
1581036.0
1581046.0
1581056.0
1581066.0
1581076.0
1581086.0
1581096.0
1581106.0
1581116.0
1581126.0
1581136.0
1581146.0
1581156.0
1581166.0
1581176.0
1581186.0
1581196.0
1692002.8983495336
1692005.0466228186
1692006.0
1692016.0
1692018.6018029635
1692026.0
1692027.4732512245
1692033.972486176
1692036.0
1692045.3453241172
1692045.3453320162
1692046.0
1692056.0
1692065.0466228186
1692066.0
1692075.0466228186
1692076.0
1692086.0
1692093.972486176
1692095.0466228186
1692096.0
1692106.0
1692112.8983495336
1692115.0466228186
1692116.0
1692125.0466228186
1692126.0
1692136.0
1692146.0
1692156.0
1692166.0
1692176.0
1692186.0
1692196.0
1692206.0
1692216.0
1692226.0
1692236.0
1692246.0
1692256.0
1692266.0
1692276.0
1692286.0
1692296.0
1692306.0
1692316.0
1692326.0
1692336.0
1692346.0
1692356.0
1692366.0
1692376.0
1692386.0
1692396.0
1692406.0
1692416.0
1692426.0
1692436.0
1692446.0
1692456.0
1692466.0
1692476.0
1692486.0
1692496.0
1692506.0
1692516.0
1692526.0
1692536.0
1692546.0
1692556.0
1692566.0
1692576.0
1692586.0
1692596.0
1692606.0
1692616.0
1692626.0
1692636.0
1692646.0
1692656.0
1692666.0
1692676.0
1692686.0
1692696.0
1692706.0
1692716.0
1692726.0
1692736.0
1692746.0
1692756.0
1692766.0
1692776.0
1692786.0
1692796.0
1692806.0
1692816.0
1692826.0
1692836.0
1692846.0
1692856.0
1692866.0
1692876.0
1692886.0
1821006.0
1821007.9265361486
1821016.0
1821023.3438662114
1821026.0
1821029.7323128362
1821036.0
1821037.9265361486
1821046.0
1821056.0
1821057.52783485
1821057.9265361486
1821066.0
1821067.9265361486
1821076.0
1821079.7323128362
1821086.0
1821091.5380895238
1821096.0
1821097.9265361486
1821106.0
1821116.0
1821126.0
1821127.8057766876
1821129.7323128362
1821136.0
1821146.0
1821156.0
1821166.0
1821176.0
1821186.0
1821196.0
1821206.0
1821216.0
1821226.0
1821236.0
1821246.0
1821256.0
1821266.0
1821276.0
1821286.0
1821295.9132078895
1821296.0
1821306.0
1821316.0
1821326.0
1821336.0
1821346.0
1821356.0
1821366.0
1821376.0
1821386.0
1821396.0
1821406.0
1821416.0
1821426.0
1821436.0
1821446.0
1821456.0
1821466.0
1821476.0
1821486.0
1821496.0
1821506.0
1821516.0
1821526.0
1821536.0
1821546.0
1821556.0
1821566.0
1821576.0
1821586.0
1821596.0
1821606.0
1821616.0
1821626.0
1821636.0
1821646.0
1821656.0
1821666.0
1821676.0
1821686.0
1821696.0
1821706.0
1821716.0
1821726.0
1821736.0
1821746.0
1821756.0
1821766.0
1821776.0
1821786.0
1821796.0
1821806.0
1821816.0
1821826.0
1821836.0
1821846.0
2044006.0
2044006.3823314367
2044016.0
2044016.938508131
2044026.0
2044026.3823314367
2044036.0
2044036.3823314367
2044046.0
2044046.3823314367
2044056.0
2044056.3823314367
2044066.0
2044066.3823314367
2044076.0
2044076.3823314367
2044086.0
2044086.3823314367
2044096.0
2044096.3823314367
2044106.0
2044106.3823314367
2044116.0
2044116.3823314367
2044126.0
2044136.0
2044136.3823314367
2044146.0
2044146.3823314367
2044156.0
2044156.3823314367
2044166.0
2044166.3823314367
2044176.0
2044186.0
2044186.3823314367
2044196.0
2044196.3823314367
2044206.0
2044206.3823314367
2044216.0
2044216.3823314367
2044226.0
2044236.0
2044246.0
2044246.3823314367
2044256.0
2044266.0
2044276.0
2044286.0
2044296.0
2044306.0
2044316.0
2044326.0
2044336.0
2044346.0
2044356.0
2044366.0
2044376.0
2044386.0
2044396.0
2044406.0
2044416.0
2044426.0
2044436.0
2044446.0
2044456.0
2044466.0
2044476.0
2044486.0
2044496.0
2044506.0
2044516.0
2044526.0
2044536.0
2044546.0
2044556.0
2044566.0
2044576.0
2044586.0
2044596.0
2044606.0
2044616.0
2044626.0
2044636.0
2044646.0
2044656.0
2044666.0
2044676.0
2044686.0
2044696.0
2044706.0
2044716.0
2044726.0
2044736.0
2044746.0
2044756.0
2044766.0
2044776.0
2044786.0
2044796.0
2044806.0
2044816.0
2044826.0
2044836.0
2044846.0
2044856.0
2044866.0
2044876.0
2044886.0
2044896.0
2044906.0
2044916.0
2044926.0
2044936.0
2044946.0
2044956.0
2044966.0
2044976.0
2454006.0
2454008.2730685985
2454016.0
2454017.19691403
2454026.0
2454028.2730685985
2454036.0
2454046.0
2454047.19691403
2454056.0
2454058.2730685985
2454066.0
2454068.2730685985
2454076.0
2454078.2730685985
2454086.0
2454088.2730685985
2454096.0
2454097.19691403
2454106.0
2454107.19691403
2454116.0
2454118.2730685985
2454126.0
2454127.19691403
2454136.0
2454146.0
2454156.0
2454166.0
2454176.0
2454186.0
2454196.0
2454206.0
2454216.0
2454226.0
2454236.0
2454240.0087179434
2454246.0
2454256.0
2454266.0
2454276.0
2454286.0
2454296.0
2454306.0
2454316.0
2454326.0
2454336.0
2454346.0
2454356.0
2454366.0
2454376.0
2454386.0
2454396.0
2454406.0
2454416.0
2454426.0
2454436.0
2454446.0
2454456.0
2454466.0
2454476.0
2454486.0
2454496.0
2454506.0
2454516.0
2454526.0
2454536.0
2454546.0
2454556.0
2454566.0
2454576.0
2454586.0
2454596.0
2454606.0
2454616.0
2454626.0
2454636.0
2454646.0
2454656.0
2454666.0
2454676.0
2454686.0
2454696.0
2454706.0
2454716.0
221003.21043396232
221003.21044179855
221006.0
221016.0
221026.0
221036.0
221046.0
221056.0
221066.0
221076.0
221086.0
221096.0
221106.0
221116.0
221126.0
221136.0
221146.0
221156.0
221166.0
221176.0
221186.0
221196.0
221206.0
221216.0
221226.0
221236.0
221246.0
221256.0
221266.0
221276.0
221286.0
221296.0
221306.0
221316.0
221326.0
221336.0
221346.0
221356.0
221366.0
221376.0
221386.0
221396.0
221406.0
221416.0
221426.0
221436.0
221446.0
221456.0
221466.0
221476.0
221486.0
221496.0
221506.0
221516.0
221526.0
221536.0
221546.0
221556.0
221566.0
221576.0
221586.0
221596.0
221606.0
221616.0
221626.0
221636.0
221646.0
221656.0
221666.0
221676.0
221686.0
221696.0
221706.0
221716.0
221726.0
221736.0
221746.0
295006.0
295006.58852339024
295006.5885312265
295016.0
295016.58852339024
295016.5885312265
295026.0
295036.0
295036.58852339024
295036.5885312265
295046.0
295046.58852339024
295046.5885312265
295056.0
295057.05628731946
295057.0562951557
295066.0
295066.58852339024
295066.5885312265
295076.0
295076.58852339024
295076.5885312265
295086.0
295086.58852339024
295086.5885312265
295096.0
295096.58852339024
295096.5885312265
295106.0
295107.05628731946
295107.0562951557
295116.0
295116.58852339024
295116.5885312265
295126.0
295136.0
295146.0
295156.0
295166.0
295176.0
295184.0345094842
295184.03451732046
295186.0
295196.0
295206.0
295216.0
295226.0
295236.0
295246.0
295256.0
295266.0
295276.0
295286.0
295296.0
295306.0
295316.0
295326.0
295336.0
295346.0
295356.0
295366.0
295376.0
295386.0
295396.0
295406.0
295416.0
295426.0
295436.0
295446.0
295456.0
295466.0
295476.0
295486.0
295496.0
295506.0
295516.0
295526.0
295536.0
295546.0
295556.0
295566.0
295576.0
295586.0
295596.0
295606.0
295616.0
295626.0
295636.0
295646.0
295656.0
295666.0
295676.0
295686.0
295696.0
295706.0
295716.0
295726.0
295736.0
295745.0345094842
295745.03451732046
295746.0
295756.0
295766.0
295776.0
295786.0
295796.0
295806.0
295816.0
295826.0
295836.0
295846.0
295856.0
367003.6169047379
367003.61691257416
367006.0
367013.6169047379
367013.61691257416
367016.0
367023.6169047379
367023.61691257416
367026.0
367033.6169047379
367033.61691257416
367036.0
367043.6169047379
367043.61691257416
367046.0
367053.6169047379
367053.61691257416
367056.0
367063.6169047379
367063.61691257416
367066.0
367073.6169047379
367073.61691257416
367076.0
367086.0
367093.9156060366
367093.9156138729
367093.91562170914
367093.9156295454
367096.0
367106.0
367113.2182034392
367113.21821127547
367113.21821911173
367113.218226948
367113.21823478426
367113.2182426205
367116.0
367123.2182034392
367123.21821127547
367123.21821911173
367123.218226948
367123.21823478426
367123.2182426205
367123.2182504568
367123.21825829305
367123.2182661293
367123.2182739656
367126.0
367136.0
367146.0
367156.0
367166.0
367176.0
367186.0
367196.0
367206.0
367216.0
367226.0
367236.0
367246.0
367256.0
367266.0
367276.0
367286.0
367296.0
367306.0
367316.0
367326.0
367336.0
367346.0
367356.0
367366.0
367376.0
367386.0
367396.0
367406.0
367416.0
367426.0
367436.0
367446.0
367456.0
367466.0
367476.0
367486.0
367496.0
367506.0
367516.0
367526.0
367536.0
367546.0
367556.0
367566.0
367576.0
367586.0
367596.0
367606.0
367616.0
367626.0
367636.0
367646.0
367656.0
367666.0
367676.0
367686.0
367696.0
367706.0
367716.0
367726.0
367736.0
367746.0
367756.0
367766.0
367776.0
367786.0
367796.0
367806.0
367816.0
367826.0
367836.0
367846.0
367856.0
367866.0
367876.0
367886.0
367896.0
367906.0
367916.0
367926.0
367936.0
367946.0
367956.0
367966.0
367976.0
554006.0
554008.3067088152
554008.3067166514
554016.0
554018.3067088152
554018.3067166514
554026.0
554028.3067088152
554028.3067166514
554036.0
554038.3067088152
554038.3067166514
554046.0
554048.3067088152
554048.3067166514
554056.0
554058.3067088152
554058.3067166514
554066.0
554068.3067088152
554068.3067166514
554076.0
554086.0
554088.3067088152
554088.3067166514
554096.0
554098.3067088152
554098.3067166514
554106.0
554108.3067088152
554108.3067166514
554116.0
554118.3067088152
554118.3067166514
554126.0
554128.3067088152
554128.3067166514
554136.0
554138.3067088152
554138.3067166514
554146.0
554148.3067088152
554148.3067166514
554156.0
554158.3067088152
554158.3067166514
554166.0
554168.3067088152
554168.3067166514
554176.0
554178.3067088152
554178.3067166514
554186.0
554188.3067088152
554188.3067166514
554196.0
554198.3067088152
554198.3067166514
554206.0
554208.3067088152
554208.3067166514
554216.0
554218.3067088152
554218.3067166514
554226.0
554228.3067088152
554228.3067166514
554236.0
554238.3067088152
554238.3067166514
554246.0
554248.3067088152
554248.3067166514
554256.0
554266.0
554276.0
554286.0
554296.0
554306.0
554316.0
554326.0
554336.0
554339.8936021966
554339.8936100329
554346.0
554356.0
554366.0
554376.0
554386.0
554396.0
554406.0
554416.0
554426.0
554436.0
554446.0
554456.0
554466.0
554476.0
554486.0
554496.0
554506.0
554516.0
554526.0
554536.0
554546.0
554556.0
554566.0
554576.0
554586.0
554596.0
554606.0
554616.0
554626.0
554636.0
554646.0
554656.0
554666.0
554676.0
554686.0
554696.0
554706.0
554716.0
554726.0
554736.0
554746.0
554756.0
554766.0
554776.0
554786.0
554796.0
554806.0
554816.0
554826.0
554836.0
554846.0
554856.0
554866.0
554876.0
554886.0
554896.0
554906.0
554916.0
554926.0
554936.0
554946.0
554956.0
554966.0
554976.0
554986.0
554996.0
555006.0
555016.0
555026.0
555036.0
555046.0
555056.0
555066.0
555076.0
555086.0
656006.0
656009.6733469988
656009.673354835
656016.0
656019.6733469988
656019.673354835
656026.0
656036.0
656039.6733469988
656039.673354835
656046.0
656049.6733469988
656049.673354835
656056.0
656066.0
656069.6733469988
656069.673354835
656076.0
656079.6733469988
656079.673354835
656086.0
656089.6733469988
656089.673354835
656096.0
656099.6733469988
656099.673354835
656106.0
656109.6733469988
656109.673354835
656116.0
656119.6733469988
656119.673354835
656126.0
656129.6733469988
656129.673354835
656136.0
656139.6733469988
656139.673354835
656146.0
656149.6733469988
656149.673354835
656156.0
656159.6733469988
656159.673354835
656166.0
656169.6733469988
656169.673354835
656176.0
656179.6733469988
656179.673354835
656186.0
656189.6733469988
656189.673354835
656196.0
656199.6733469988
656199.673354835
656206.0
656209.6733469988
656209.673354835
656216.0
656219.6733469988
656219.673354835
656226.0
656236.0
656239.6733469988
656239.673354835
656246.0
656249.6733469988
656249.673354835
656256.0
656259.6733469988
656259.673354835
656266.0
656269.6733469988
656269.673354835
656276.0
656277.5769212884
656277.5769291247
656286.0
656289.6733469988
656289.673354835
656296.0
656299.6733469988
656299.673354835
656306.0
656309.6733469988
656309.673354835
656316.0
656319.6733469988
656319.673354835
656326.0
656329.6733469988
656329.673354835
656336.0
656339.6733469988
656339.673354835
656346.0
656349.6733469988
656349.673354835
656356.0
656359.6733469988
656359.673354835
656366.0
656369.6733469988
656369.673354835
656376.0
656386.0
656396.0
656406.0
656416.0
656426.0
656436.0
656446.0
656456.0
656466.0
656476.0
656486.0
656496.0
656506.0
656516.0
656526.0
656536.0
656546.0
656556.0
656566.0
656576.0
656586.0
656596.0
656606.0
656616.0
656626.0
656636.0
656646.0
656656.0
656666.0
656676.0
656686.0
656696.0
656706.0
656716.0
656726.0
656736.0
656746.0
656756.0
656766.0
656776.0
656786.0
656796.0
656806.0
656816.0
656826.0
656836.0
656838.5769212884
656838.5769291247
656846.0
656856.0
656866.0
656876.0
656886.0
656896.0
656906.0
656916.0
656926.0
656936.0
656946.0
656956.0
656966.0
656976.0
656986.0
656996.0
657006.0
657016.0
657026.0
657036.0
657046.0
657056.0
657066.0
657076.0
