369003.4870426375
369003.4870506557
369006.0
369016.0
369026.0
369036.0
369046.0
369056.0
369066.0
369076.0
369086.0
369096.0
369106.0
369116.0
369126.0
369136.0
369146.0
369156.0
369166.0
369176.0
369186.0
369196.0
369206.0
369216.0
369226.0
369236.0
369246.0
369256.0
369266.0
369276.0
369286.0
369296.0
369306.0
369316.0
369326.0
369336.0
369346.0
369356.0
369366.0
369376.0
369386.0
369396.0
369406.0
369416.0
369426.0
369436.0
369446.0
369456.0
369466.0
369476.0
369486.0
369496.0
369506.0
369516.0
369526.0
369536.0
369546.0
369556.0
369566.0
369576.0
369586.0
369596.0
369606.0
369616.0
369626.0
369636.0
369646.0
369656.0
369666.0
369676.0
369686.0
369696.0
369706.0
369716.0
369726.0
369736.0
369746.0
369756.0
369766.0
369776.0
369786.0
369796.0
369806.0
369816.0
369826.0
369836.0
369846.0
369856.0
530006.0
530016.0
530024.8235274127
530024.823535431
530026.0
530034.8235274127
530034.823535431
530036.0
530044.8235274127
530044.823535431
530046.0
530054.8235274127
530054.823535431
530056.0
530064.4513622357
530064.4513702539
530066.0
530075.5209300101
530075.5209380283
530075.5209460466
530075.5209540648
530076.0
530086.0
530094.3236979619
530094.3237059801
530096.0
530106.0
530113.5262953644
530113.5263033826
530113.9249966631
530113.9250046813
530116.0
530124.3236979619
530124.3237059801
530126.0
530136.0
530146.0
530156.0
530166.0
530176.0
530186.0
530196.0
530206.0
530216.0
530226.0
530236.0
530246.0
530256.0
530266.0
530276.0
530286.0
530296.0
530306.0
530316.0
530326.0
530336.0
530346.0
530356.0
530366.0
530376.0
530386.0
530396.0
530406.0
530416.0
530426.0
530436.0
530446.0
530456.0
530466.0
530476.0
530486.0
530496.0
530506.0
530516.0
530526.0
530536.0
530546.0
530556.0
530566.0
530576.0
530586.0
530596.0
530606.0
530616.0
530626.0
530636.0
530646.0
530656.0
530666.0
530676.0
530686.0
530696.0
530706.0
530716.0
530726.0
530736.0
530746.0
530756.0
627006.0
627007.4125592168
627007.4125672351
627016.0
627017.4125592168
627017.4125672351
627026.0
627027.4125592168
627027.4125672351
627036.0
627037.4125592168
627037.4125672351
627046.0
627047.4125592168
627047.4125672351
627056.0
627057.4125592168
627057.4125672351
627066.0
627067.4125592168
627067.4125672351
627076.0
627077.4125592168
627077.4125672351
627086.0
627096.0
627097.4125592168
627097.4125672351
627106.0
627116.0
627126.0
627127.4125592168
627127.4125672351
627136.0
627137.4125592168
627137.4125672351
627146.0
627147.4125592168
627147.4125672351
627156.0
627157.4125592168
627157.4125672351
627166.0
627167.4125592168
627167.4125672351
627176.0
627177.4125592168
627177.4125672351
627186.0
627196.0
627197.4125592168
627197.4125672351
627206.0
627207.4125592168
627207.4125672351
627216.0
627217.4125592168
627217.4125672351
627226.0
627227.4125592168
627227.4125672351
627236.0
627237.4125592168
627237.4125672351
627246.0
627256.0
627266.0
627276.0
627286.0
627296.0
627306.0
627316.0
627326.0
627336.0
627346.0
627356.0
627363.4465274884
627363.4465355066
627363.4465435249
627363.4465515431
627363.4465595613
627363.4465675795
627363.4465755977
627363.446583616
627363.4465916342
627363.4465996524
627363.4466076706
627363.4466156889
627363.4466237071
627363.4466317253
627366.0
627376.0
627386.0
627396.0
627406.0
627416.0
627426.0
627436.0
627446.0
627456.0
627466.0
627476.0
627486.0
627496.0
627506.0
627516.0
627526.0
627536.0
627546.0
627556.0
627566.0
627576.0
627586.0
627596.0
627606.0
627616.0
627626.0
627636.0
627646.0
627656.0
627666.0
627676.0
627686.0
627696.0
627706.0
627716.0
627726.0
627736.0
627746.0
627756.0
627766.0
627776.0
627786.0
627796.0
627806.0
627816.0
627826.0
627836.0
627846.0
627856.0
627866.0
627876.0
627886.0
627896.0
627906.0
627916.0
627926.0
627936.0
627946.0
627956.0
627966.0
761006.0
761006.883109754
761006.8831177722
761016.0
761016.883109754
761016.8831177722
761026.0
761026.883109754
761026.8831177722
761036.0
761036.883109754
761036.8831177722
761046.0
761046.883109754
761046.8831177722
761056.0
761056.883109754
761056.8831177722
761066.0
761066.883109754
761066.8831177722
761076.0
761076.883109754
761076.8831177722
761086.0
761086.883109754
761086.8831177722
761093.181802757
761093.1818107752
761096.0
761096.883109754
761096.8831177722
761106.0
761106.883109754
761106.8831177722
761116.0
761116.883109754
761116.8831177722
761126.0
761126.883109754
761126.8831177722
761136.0
761136.883109754
761136.8831177722
761146.0
761146.883109754
761146.8831177722
761156.0
761156.883109754
761156.8831177722
761166.0
761166.883109754
761166.8831177722
761176.0
761176.883109754
761176.8831177722
761186.0
761186.883109754
761186.8831177722
761196.0
761196.883109754
761196.8831177722
761206.0
761206.883109754
761206.8831177722
761216.0
761216.883109754
761216.8831177722
761226.0
761236.0
761236.883109754
761236.8831177722
761246.0
761246.883109754
761246.8831177722
761256.0
761266.0
761276.0
761286.0
761296.0
761306.0
761316.0
761326.0
761336.0
761346.0
761356.0
761366.0
761376.0
761386.0
761396.0
761406.0
761416.0
761426.0
761436.0
761446.0
761456.0
761466.0
761476.0
761486.0
761496.0
761506.0
761508.181802757
761508.1818107752
761508.1818187934
761508.1818268116
761508.1818348299
761508.1818428481
761508.1818508663
761508.1818588845
761508.1818669027
761508.181874921
761508.1818829392
761508.1818909574
761508.1818989756
761508.1819069939
761516.0
761526.0
761536.0
761546.0
761556.0
761566.0
761576.0
761586.0
761596.0
761606.0
761616.0
761626.0
761636.0
761646.0
761656.0
761666.0
761676.0
761686.0
761696.0
761706.0
761716.0
761726.0
761736.0
761746.0
761756.0
761766.0
761776.0
761786.0
761796.0
761806.0
761816.0
761826.0
761836.0
761846.0
761856.0
761866.0
928006.0
928016.0
928017.8716963872
928026.0
928036.0
928037.8716963872
928046.0
928047.8716963872
928056.0
928057.8716963872
928066.0
928067.8716963872
928076.0
928077.8716963872
928086.0
928087.8716963872
928096.0
928097.8716963872
928106.0
928107.8716963872
928116.0
928117.8716963872
928126.0
928127.8716963872
928136.0
928137.8716963872
928146.0
928147.8716963872
928156.0
928157.8716963872
928166.0
928167.8716963872
928176.0
928177.8716963872
928186.0
928187.8716963872
928196.0
928197.8716963872
928206.0
928216.0
928217.8716963872
928226.0
928227.8716963872
928236.0
928237.8716963872
928246.0
928247.8716963872
928256.0
928266.0
928276.0
928286.0
928296.0
928306.0
928316.0
928326.0
928336.0
928346.0
928356.0
928366.0
928376.0
928386.0
928396.0
928406.0
928416.0
928426.0
928436.0
928446.0
928456.0
928466.0
928476.0
928486.0
928496.0
928506.0
928516.0
928526.0
928536.0
928546.0
928556.0
928566.0
928576.0
928586.0
928596.0
928606.0
928616.0
928626.0
928636.0
928646.0
928656.0
928666.0
928676.0
928686.0
928696.0
928706.0
928716.0
928726.0
928736.0
928746.0
928756.0
928766.0
928776.0
928786.0
928796.0
928806.0
928816.0
928826.0
928836.0
928846.0
928856.0
928866.0
928876.0
928886.0
928896.0
928906.0
928916.0
928926.0
1004006.0
1004008.3399581059
1004016.0
1004018.3399581059
1004026.0
1004028.3399581059
1004036.0
1004038.3399581059
1004046.0
1004048.3399581059
1004056.0
1004058.3399581059
1004066.0
1004068.3399581059
1004076.0
1004078.3399581059
1004086.0
1004088.3399581059
1004096.0
1004098.3399581059
1004106.0
1004108.3399581059
1004116.0
1004126.0
1004128.3399581059
1004136.0
1004138.3399581059
1004146.0
1004148.3399581059
1004156.0
1004158.3399581059
1004166.0
1004168.3399581059
1004176.0
1004178.3399581059
1004186.0
1004188.3399581059
1004196.0
1004198.3399581059
1004206.0
1004216.0
1004218.3399581059
1004226.0
1004228.3399581059
1004236.0
1004238.3399581059
1004246.0
1004248.3399581059
1004256.0
1004266.0
1004276.0
1004286.0
1004296.0
1004306.0
1004316.0
1004326.0
1004336.0
1004346.0
1004356.0
1004366.0
1004376.0
1004386.0
1004396.0
1004406.0
1004416.0
1004426.0
1004436.0
1004446.0
1004456.0
1004466.0
1004476.0
1004486.0
1004496.0
1004506.0
1004516.0
1004526.0
1004536.0
1004546.0
1004556.0
1004566.0
1004576.0
1004586.0
1004596.0
1004606.0
1004616.0
1004626.0
1004636.0
1004646.0
1004656.0
1004666.0
1004676.0
1004686.0
1004696.0
1004706.0
1004716.0
1004726.0
1004736.0
1004746.0
1004756.0
1004766.0
1004776.0
1004786.0
1004796.0
1004806.0
1004816.0
1004826.0
1004836.0
1004846.0
1004856.0
1004866.0
1004876.0
1004886.0
1004896.0
1004906.0
1004916.0
1004926.0
1004936.0
1004946.0
1004956.0
1004966.0
1004976.0
1004986.0
1004996.0
1005006.0
1005016.0
1005026.0
1061006.0
1061006.5902327644
1061016.0
1061016.5902327644
1061026.0
1061026.5902327644
1061036.0
1061036.5902327644
1061046.0
1061046.5902327644
1061056.0
1061056.5902327644
1061066.0
1061066.5902327644
1061076.0
1061076.5902327644
1061086.0
1061086.5902327644
1061096.0
1061096.5902327644
1061106.0
1061106.5902327644
1061116.0
1061116.5902327644
1061126.0
1061126.5902327644
1061136.0
1061136.5902327644
1061146.0
1061146.5902327644
1061156.0
1061156.5902327644
1061166.0
1061166.5902327644
1061176.0
1061176.5902327644
1061186.0
1061186.5902327644
1061196.0
1061196.5902327644
1061206.0
1061206.5902327644
1061216.0
1061216.5902327644
1061226.0
1061226.5902327644
1061236.0
1061236.5902327644
1061246.0
1061246.5902327644
1061256.0
1061266.0
1061276.0
1061286.0
1061296.0
1061306.0
1061316.0
1061326.0
1061336.0
1061338.1029568603
1061346.0
1061356.0
1061366.0
1061376.0
1061386.0
1061396.0
1061406.0
1061416.0
1061426.0
1061436.0
1061446.0
1061456.0
1061466.0
1061476.0
1061486.0
1061496.0
1061506.0
1061516.0
1061526.0
1061536.0
1061546.0
1061556.0
1061566.0
1061576.0
1061586.0
1061596.0
1061606.0
1061616.0
1061626.0
1061636.0
1061646.0
1061656.0
1061666.0
1061676.0
1061686.0
1061696.0
1061706.0
1061716.0
1061726.0
1061736.0
1061746.0
1061756.0
1061766.0
1061776.0
1061786.0
1061796.0
1061806.0
1061816.0
1061826.0
1061836.0
1061846.0
1061856.0
1061866.0
1061876.0
1061886.0
1061896.0
1061906.0
1346006.0
1346015.4011534797
1346016.0
1346026.0
1346035.4011534797
1346036.0
1346045.4011534797
1346046.0
1346055.4011534797
1346056.0
1346065.4011534797
1346066.0
1346075.4011534797
1346076.0
1346085.4011534797
1346086.0
1346095.4011534797
1346096.0
1346105.4011534797
1346106.0
1346115.4011534797
1346116.0
1346125.4011534797
1346126.0
1346136.0
1346146.0
1346156.0
1346166.0
1346176.0
1346186.0
1346196.0
1346206.0
1346216.0
1346226.0
1346236.0
1346246.0
1346256.0
1346266.0
1346276.0
1346286.0
1346296.0
1346306.0
1346316.0
1346326.0
1346336.0
1346346.0
1346356.0
1346366.0
1346376.0
1346386.0
1346396.0
1346406.0
1346416.0
1346426.0
1346436.0
1346446.0
1346456.0
1346466.0
1346476.0
1346486.0
1346496.0
1346506.0
1346516.0
1346526.0
1346536.0
1346546.0
1346556.0
1346566.0
1346576.0
1346586.0
1346596.0
1346606.0
1346616.0
1346626.0
1346636.0
1346640.508417218
1346646.0
1346656.0
1346666.0
1346676.0
1346686.0
1346696.0
1346706.0
1346716.0
1346726.0
1346736.0
1346746.0
1346756.0
1346766.0
1346776.0
1346786.0
1346796.0
1346806.0
1346816.0
1346826.0
1346836.0
1346846.0
1346856.0
1346866.0
1346876.0
1346886.0
1346896.0
1346906.0
1346916.0
1346926.0
1346936.0
1346946.0
1346956.0
1346966.0
1346976.0
1346986.0
1346996.0
1347006.0
1347016.0
1347026.0
1839006.0
1839006.063079551
1839016.0
1839016.063079551
1839025.9846401801
1839026.0
1839036.0
1839036.04232009
1839045.9846401801
1839046.0
1839055.9846401801
1839056.0
1839066.0
1839066.063079551
1839076.0
1839076.063079551
1839086.0
1839086.063079551
1839096.0
1839105.9846401801
1839106.0
1839116.0
1839116.04232009
1839126.0
1839126.063079551
1839136.0
1839136.063079551
1839145.9846401801
1839146.0
1839156.0
1839156.063079551
1839166.0
1839175.9638807192
1839176.0
1839186.0
1839186.063079551
1839196.0
1839196.063079551
1839205.9638807192
1839206.0
1839216.0
1839216.063079551
1839226.0
1839236.0
1839236.063079551
1839246.0
1839256.0
1839266.0
1839276.0
1839286.0
1839296.0
1839306.0
1839316.0
1839326.0
1839336.0
1839346.0
1839356.0
1839366.0
1839376.0
1839386.0
1839396.0
1839406.0
1839416.0
1839426.0
1839436.0
1839446.0
1839456.0
1839466.0
1839476.0
1839486.0
1839496.0
1839506.0
1839516.0
1839526.0
1839536.0
1839546.0
1839556.0
1839566.0
1839576.0
1839586.0
1839596.0
1839606.0
1839616.0
1839626.0
1839636.0
1839646.0
1839656.0
1839666.0
1839676.0
1839686.0
1839696.0
1839706.0
1839716.0
1839726.0
1839736.0
1839746.0
1839756.0
1839766.0
1839776.0
1839786.0
1839796.0
1839806.0
1839816.0
1839826.0
1839836.0
1839846.0
1839856.0
1839866.0
1839876.0
1839886.0
1839896.0
1839906.0
1839916.0
1839926.0
1839936.0
1839946.0
1839956.0
1839958.8685960898
1839966.0
1839976.0
1839986.0
1839996.0
1840006.0
1840016.0
57001.73681987588
57001.73682794927
57002.90800849492
57002.90801656831
57006.0
57016.0
57026.0
57026.80800849492
57026.80801656831
57036.0
57046.0
57056.0
57066.0
57076.0
57086.0
57096.0
57106.0
57116.0
57126.0
57136.0
57146.0
57156.0
57166.0
57176.0
57186.0
57196.0
57206.0
57216.0
57226.0
57236.0
57246.0
57256.0
57266.0
57276.0
57286.0
57296.0
57306.0
57316.0
57326.0
57336.0
57346.0
57356.0
57366.0
57376.0
57386.0
57396.0
57406.0
57416.0
57426.0
57436.0
57446.0
57456.0
57466.0
57476.0
57486.0
57496.0
57506.0
57516.0
57526.0
57536.0
57546.0
57556.0
57566.0
57576.0
57586.0
57596.0
57606.0
57616.0
57626.0
57636.0
57646.0
57656.0
57666.0
57676.0
57686.0
57696.0
57706.0
57716.0
57726.0
57736.0
57746.0
57756.0
57766.0
57776.0
57786.0
57796.0
57806.0
57816.0
57826.0
57836.0
57846.0
57856.0
57866.0
57876.0
57886.0
57896.0
57906.0
57916.0
57926.0
57936.0
57946.0
57956.0
57966.0
57976.0
57986.0
57996.0
58006.0
58016.0
58026.0
58036.0
58046.0
58056.0
58066.0
58076.0
58086.0
58096.0
58106.0
58116.0
133006.0
133006.915629162
133006.9156372354
133016.0
133016.915629162
133016.9156372354
133026.0
133026.61692786327
133026.61693593668
133036.0
133036.915629162
133036.9156372354
133046.0
133046.61692786327
133046.61693593668
133056.0
133056.915629162
133056.9156372354
133066.0
133068.1104343568
133068.1104424302
133076.0
133084.44580484694
133084.44581292034
133086.0
133094.44580484694
133094.44581292034
133096.0
133104.44580484694
133104.44581292034
133106.0
133114.44580484694
133114.44581292034
133116.0
133118.1104343568
133118.1104424302
133118.1104505036
133118.110458577
133118.1104666504
133118.1104747238
133126.0
133136.0
133144.44580484694
133144.44581292034
133144.44582099374
133144.44582906715
133144.44583714055
133144.44584521395
133144.44585328735
133144.44586136076
133144.44586943416
133144.44587750756
133146.0
133156.0
133166.0
133176.0
133186.0
133196.0
133206.0
133216.0
133226.0
133236.0
133246.0
133256.0
133266.0
133276.0
133286.0
133296.0
133306.0
133316.0
133326.0
133336.0
133346.0
133356.0
133366.0
133376.0
133386.0
133396.0
133406.0
133416.0
133426.0
133436.0
133446.0
133456.0
133466.0
133476.0
133486.0
133496.0
133506.0
133516.0
133526.0
133536.0
133546.0
133556.0
133566.0
133576.0
133586.0
133596.0
133606.0
133616.0
133626.0
133636.0
133646.0
133656.0
133666.0
133676.0
133686.0
133696.0
133706.0
133716.0
133726.0
133736.0
133746.0
133756.0
133766.0
133776.0
133786.0
133796.0
133806.0
133816.0
133826.0
133836.0
133846.0
133856.0
133866.0
133876.0
133886.0
133896.0
133906.0
133916.0
133926.0
133936.0
133946.0
133956.0
243006.0
243006.55544257275
243006.55545064615
243016.0
243016.55544257275
243016.55545064615
243026.0
243026.55544257275
243026.55545064615
243036.0
243036.55544257275
243036.55545064615
243046.0
243046.55544257275
243046.55545064615
243056.0
243056.55544257275
243056.55545064615
243066.0
243074.41506220168
243074.41507027508
243076.0
243084.41506220168
243084.41507027508
243086.0
243094.41506220168
243094.41507027508
243096.0
243104.41506220168
243104.41507027508
243106.0
243114.41506220168
243114.41507027508
243116.0
243126.0
243126.15674127406
243126.15674934746
243134.41506220168
243134.41507027508
243136.0
243146.0
243156.0
243166.0
243176.0
243186.0
243196.0
243206.0
243216.0
243226.0
243236.0
243246.0
243256.0
243266.0
243276.0
243286.0
243296.0
243306.0
243316.0
243326.0
243336.0
243346.0
243356.0
243366.0
243376.0
243386.0
243396.0
243406.0
243416.0
243426.0
243436.0
243446.0
243456.0
243466.0
243476.0
243486.0
243496.0
243506.0
243516.0
243526.0
243536.0
243546.0
243556.0
243566.0
243576.0
243586.0
243596.0
243606.0
243616.0
243626.0
243636.0
243646.0
243656.0
243666.0
243676.0
243686.0
243696.0
243706.0
243716.0
243726.0
243736.0
243746.0
243756.0
243766.0
243776.0
243786.0
243796.0
243806.0
243816.0
384004.8463469869
384004.8463550603
384004.8463631337
384004.8463712071
384005.9679858819
384005.9679939553
384006.0
384016.0
384024.8463469869
384024.8463550603
384024.8463631337
384024.8463712071
384024.8463792805
384024.8463873539
384026.0
384034.8463469869
384034.8463550603
384034.8463631337
384034.8463712071
384034.8463792805
384034.8463873539
384034.8463954273
384034.8464035007
384034.8464115741
384034.8464196475
384036.0
384044.8463469869
384044.8463550603
384044.8463631337
384044.8463712071
384044.8463792805
384044.8463873539
384044.8463954273
384044.8464035007
384044.8464115741
384044.8464196475
384046.0
384048.3575962715
384048.3576043449
384048.3576124183
384048.3576204917
384048.3576285651
384048.3576366385
384048.3576447119
384048.3576527853
384048.3576608587
384048.3576689321
384056.0
384058.3575962715
384058.3576043449
384058.3576124183
384058.3576204917
384058.3576285651
384058.3576366385
384058.3576447119
384058.3576527853
384058.3576608587
384058.3576689321
384066.0
384074.8463469869
384074.8463550603
384074.8463631337
384074.8463712071
384074.8463792805
384074.8463873539
384074.8463954273
384074.8464035007
384074.8464115741
384074.8464196475
384076.0
384085.2705832845
384085.2705913579
384085.2705994313
384085.2706075047
384085.2706155781
384085.2706236515
384085.2706317249
384085.2706397983
384085.2706478717
384085.2706559451
384086.0
384094.36933711014
384094.36934518354
384095.2450482856
384095.245056359
384096.0
384106.0
384116.0
384124.8463469869
384124.8463550603
384125.2450482856
384125.245056359
384126.0
384136.0
384146.0
384156.0
384166.0
384176.0
384186.0
384196.0
384206.0
384216.0
384226.0
384236.0
384246.0
384256.0
384266.0
384276.0
384286.0
384296.0
384306.0
384316.0
384326.0
384336.0
384346.0
384356.0
384366.0
384376.0
384386.0
384396.0
384406.0
384416.0
384426.0
384436.0
384446.0
384456.0
384466.0
384476.0
384486.0
384496.0
384506.0
384516.0
384526.0
384536.0
384546.0
384556.0
384566.0
384576.0
384586.0
384596.0
384606.0
384616.0
384626.0
384636.0
384646.0
384656.0
384666.0
384676.0
384686.0
384696.0
384706.0
384716.0
384726.0
384736.0
384746.0
384756.0
384766.0
384776.0
384786.0
384796.0
384806.0
384816.0
384826.0
384836.0
384846.0
384856.0
384866.0
384876.0
384886.0
384896.0
384906.0
384916.0
384926.0
384936.0
384946.0
384956.0
384966.0
384976.0
384986.0
384996.0
385006.0
385016.0
385026.0
385036.0
385046.0
500006.0
500006.16736562696
500016.0
500025.76866432827
500026.0
500026.16736562696
500036.0
500045.76866432827
500046.0
500046.16736562696
500056.0
500056.16736562696
500066.0
500066.16736562696
500076.0
500076.16736562696
500086.0
500086.16736562696
500096.0
500096.08648296696
500106.0
500106.16736562696
500116.0
500116.16736562696
500126.0
500126.16736562696
500136.0
500136.16736562696
500146.0
500156.0
500156.16736562696
500166.0
500176.0
500176.16736562696
500186.0
500186.16736562696
500196.0
500196.16736562696
500206.0
500206.16736562696
500216.0
500216.16736562696
500226.0
500226.16736562696
500236.0
500236.16736562696
500246.0
500246.16736562696
500256.0
500266.0
500276.0
500286.0
500296.0
500306.0
500316.0
500326.0
500336.0
500346.0
500356.0
500366.0
500376.0
500386.0
500396.0
500406.0
500416.0
500426.0
500436.0
500446.0
500456.0
500466.0
500476.0
500486.0
500496.0
500506.0
500516.0
500526.0
500536.0
500546.0
500556.0
500566.0
500576.0
500586.0
500596.0
500606.0
500616.0
500626.0
500636.0
500646.0
500656.0
500666.0
500676.0
500686.0
500696.0
500706.0
500716.0
500726.0
500729.986482967
500736.0
500746.0
500756.0
500766.0
500776.0
500786.0
500796.0
500806.0
500816.0
500826.0
500836.0
500846.0
500856.0
500866.0
500876.0
500886.0
500896.0
500906.0
500916.0
500926.0
500936.0
500946.0
500956.0
500966.0
500976.0
613005.4542569797
613006.0
613015.4542569797
613016.0
613025.4542569797
613026.0
613035.4542569797
613035.8529582785
613036.0
613046.0
613055.4542569797
613056.0
613065.4542569797
613065.8529582785
613066.0
613076.0
613085.4542569797
613085.8529582785
613086.0
613096.0
613106.0
613106.1516595772
613106.1516674871
613116.0
613116.4503608758
613116.4503687858
613116.4503766957
613126.0
613127.0477634732
613127.0477713832
613127.0477792931
613127.0477872031
613127.0477951131
613136.0
613137.0477634732
613137.0477713832
613137.0477792931
613137.0477872031
613137.0477951131
613146.0
613156.0
613156.1516595772
613156.1516674871
613166.0
613166.4503608758
613166.4503687858
613166.4503766957
613176.0
613177.0477634732
613177.0477713832
613177.0477792931
613177.0477872031
613177.0477951131
613186.0
613187.0477634732
613187.0477713832
613187.0477792931
613187.0477872031
613187.0477951131
613196.0
613197.0477634732
613197.0477713832
613197.0477792931
613197.0477872031
613197.0477951131
613206.0
613207.0477634732
613207.0477713832
613207.0477792931
613207.0477872031
613207.0477951131
613216.0
613216.4503608758
613216.4503687858
613216.4503766957
613226.0
613227.0477634732
613227.0477713832
613227.0477792931
613227.0477872031
613227.0477951131
613236.0
613246.0
613256.0
613266.0
613276.0
613286.0
613296.0
613306.0
613316.0
613326.0
613336.0
613346.0
613356.0
613366.0
613376.0
613386.0
613396.0
613406.0
613416.0
613426.0
613436.0
613446.0
613456.0
613466.0
613476.0
613486.0
613496.0
613506.0
613516.0
613526.0
613536.0
613546.0
613556.0
613566.0
613576.0
613586.0
613596.0
613606.0
613616.0
613626.0
613636.0
613646.0
613656.0
613666.0
613676.0
613686.0
613696.0
613706.0
613716.0
613726.0
613736.0
613746.0
613756.0
613766.0
613776.0
613786.0
613796.0
613806.0
613816.0
613826.0
613836.0
613846.0
613856.0
613866.0
