221003.03688812492
221003.03689596115
221006.0
221016.0
221026.0
221036.0
221046.0
221056.0
221066.0
221076.0
221086.0
221096.0
221106.0
221116.0
221126.0
221136.0
221146.0
221156.0
221166.0
221176.0
221186.0
221196.0
221206.0
221216.0
221226.0
221236.0
221246.0
221256.0
221266.0
221276.0
221286.0
221296.0
221306.0
221316.0
221326.0
221336.0
221346.0
221356.0
221366.0
221376.0
221386.0
221396.0
221406.0
221416.0
221426.0
221436.0
221446.0
221456.0
221466.0
221476.0
221486.0
221496.0
221506.0
221516.0
221526.0
221536.0
221546.0
221556.0
221566.0
221576.0
221586.0
221596.0
221606.0
221616.0
221626.0
221636.0
221646.0
221656.0
221666.0
221676.0
221686.0
221696.0
221706.0
221716.0
221726.0
221736.0
221746.0
221756.0
221766.0
221776.0
221786.0
221796.0
221806.0
221816.0
221826.0
221836.0
221846.0
221856.0
221866.0
221876.0
221886.0
221896.0
221906.0
221916.0
221926.0
221936.0
221946.0
221952.258707524
221952.25871536022
221956.0
295006.0
295006.07778883213
295006.0777966684
295016.0
295016.07778883213
295016.0777966684
295026.0
295026.07778883213
295026.0777966684
295036.0
295036.07778883213
295036.0777966684
295046.0
295056.0
295056.07778883213
295056.0777966684
295065.99184757436
295065.9918554106
295066.0
295076.0
295076.07778883213
295076.0777966684
295086.0
295086.0763371253
295086.0763449616
295096.0
295106.0
295106.07778883213
295106.0777966684
295116.0
295126.0
295126.0763371253
295126.0763449616
295136.0
295146.0
295156.0
295166.0
295176.0
295183.77914220514
295183.7791500414
295186.0
295196.0
295206.0
295216.0
295226.0
295236.0
295246.0
295256.0
295266.0
295276.0
295286.0
295296.0
295306.0
295316.0
295326.0
295336.0
295346.0
295356.0
295366.0
295376.0
295386.0
295396.0
295406.0
295416.0
295426.0
295436.0
295446.0
295456.0
295466.0
295476.0
295486.0
295496.0
295506.0
295516.0
295526.0
295536.0
295546.0
295556.0
295566.0
295576.0
295586.0
295596.0
295606.0
295616.0
295626.0
295636.0
295646.0
295656.0
295666.0
295676.0
295686.0
295696.0
295706.0
295716.0
295726.0
295736.0
295744.77914220514
295744.7791500414
295744.77915787767
295744.77916571393
295744.7791735502
295744.77918138646
295746.0
295756.0
295766.0
295776.0
295786.0
295796.0
295806.0
295816.0
295826.0
295836.0
295846.0
295856.0
295866.0
295876.0
295886.0
295896.0
295906.0
295916.0
295926.0
295936.0
295946.0
295956.0
295966.0
295976.0
295986.0
295996.0
296006.0
296016.0
296026.0
296036.0
296046.0
296056.0
296066.0
296076.0
296086.0
296096.0
296106.0
296116.0
296126.0
296136.0
296146.0
296156.0
367004.460273215
367004.4602810513
367006.0
367014.460273215
367014.4602810513
367014.8589745137
367014.85898235
367016.0
367026.0
367032.52184513136
367032.5218529676
367032.92054643005
367032.9205542663
367036.0
367042.7487349856
367042.74874282186
367046.0
367054.2884617706
367054.28846960684
367056.0
367060.466684013
367060.4666918493
367066.0
367076.0
367085.42948725686
367085.4294950931
367086.0
367093.4910591732
367093.49106700945
367096.0
367106.0
367114.460273215
367114.4602810513
367116.0
367122.92054643005
367122.9205542663
367126.0
367136.0
367146.0
367156.0
367166.0
367176.0
367186.0
367196.0
367206.0
367216.0
367226.0
367236.0
367246.0
367256.0
367266.0
367276.0
367286.0
367296.0
367306.0
367316.0
367326.0
367336.0
367346.0
367356.0
367366.0
367376.0
367386.0
367396.0
367406.0
367416.0
367426.0
367436.0
367446.0
367456.0
367466.0
367476.0
367486.0
367496.0
367506.0
367516.0
367526.0
367536.0
367546.0
367556.0
367566.0
367576.0
367586.0
367596.0
367606.0
367616.0
367626.0
367636.0
367646.0
367656.0
367666.0
367676.0
367686.0
367696.0
367706.0
367716.0
367726.0
367736.0
367746.0
367756.0
554006.0
554016.0
554026.0
554029.0397446001
554029.0397524363
554029.4384458988
554029.4384537351
554036.0
554037.7850565403
554037.7850643765
554046.0
554056.0
554066.0
554066.6931776208
554066.693185457
554067.3863552415
554067.3863630778
554076.0
554077.3863552415
554077.3863630778
554077.7850565403
554077.7850643765
554086.0
554088.478234161
554088.4782419973
554096.0
554098.8769354598
554098.876943296
554106.0
554109.5701130806
554109.5701209168
554116.0
554126.0
554127.0918789195
554127.0918867558
554128.8769354598
554128.876943296
554136.0
554146.0
554147.7850565403
554147.7850643765
554156.0
554157.7850565403
554157.7850643765
554166.0
554168.478234161
554168.4782419973
554176.0
554186.0
554196.0
554196.6931776208
554196.693185457
554206.0
554206.6931776208
554206.693185457
554207.0918789195
554207.0918867558
554207.7850565403
554207.7850643765
554216.0
554226.0
554227.3863552415
554227.3863630778
554227.7850565403
554227.7850643765
554236.0
554238.8769354598
554238.876943296
554246.0
554256.0
554266.0
554276.0
554286.0
554296.0
554306.0
554316.0
554326.0
554336.0
554339.3465669793
554339.3465748156
554339.3465826518
554339.3465904881
554339.3465983244
554339.3466061606
554339.3466139969
554339.3466218332
554339.3466296694
554339.3466375057
554339.346645342
554339.3466531782
554339.3466610145
554339.3466688507
554339.346676687
554339.3466845233
554339.3466923595
554339.3467001958
554339.3467080321
554339.3467158683
554339.3467237046
554339.3467315409
554339.3467393771
554339.3467472134
554339.3467550497
554339.3467628859
554339.3467707222
554339.3467785585
554339.3467863947
554339.346794231
554339.3468020672
554339.3468099035
554339.3468177398
554339.346825576
554339.3468334123
554339.3468412486
554339.3468490848
554339.3468569211
554339.3468647574
554339.3468725936
554339.3468804299
554339.3468882662
554339.3468961024
554339.3469039387
554339.346911775
554339.3469196112
554339.3469274475
554339.3469352837
554339.34694312
554339.3469509563
554339.3469587925
554339.3469666288
554339.3469744651
554339.3469823013
554339.3469901376
554339.3469979739
554339.3470058101
554339.3470136464
554339.3470214827
554339.3470293189
554339.3470371552
554339.3470449914
554339.3470528277
554339.347060664
554339.3470685002
554339.3470763365
554339.3470841728
554339.347092009
554339.3470998453
554339.3471076816
554339.3471155178
554339.3471233541
554339.3471311904
554339.3471390266
554339.3471468629
554339.3471546991
554339.3471625354
554339.3471703717
554339.347178208
554339.3471860442
554339.3471938805
554339.3472017167
554339.347209553
554339.3472173893
554339.3472252255
554339.3472330618
554339.3472408981
554339.3472487343
554339.3472565706
554339.3472644069
554339.3472722431
554339.3472800794
554339.3472879156
554339.3472957519
554339.3473035882
554339.3473114244
554339.3473192607
554339.347327097
554339.3473349332
554339.3473427695
554339.3473506058
554339.347358442
554339.3473662783
554339.3473741146
554339.3473819508
554339.3473897871
554339.3473976234
554339.3474054596
554339.3474132959
554339.3474211321
554339.3474289684
554339.3474368047
554339.3474446409
554339.3474524772
554339.3474603135
554339.3474681497
554339.347475986
554339.3474838223
554339.3474916585
554339.3474994948
554339.347507331
554339.3475151673
554339.3475230036
554339.3475308398
554339.3475386761
554339.3475465124
554339.3475543486
554339.3475621849
554339.3475700212
554339.3475778574
554339.3475856937
554339.34759353
554339.3476013662
554339.3476092025
554339.3476170388
554339.347624875
554339.3476327113
554339.3476405476
554339.3476483838
554339.3476562201
554339.3476640563
554339.3476718926
554339.3476797289
554339.3476875651
554339.3476954014
554339.3477032377
554339.3477110739
554339.3477189102
554339.3477267465
554339.3477345827
554339.347742419
554339.3477502553
554339.3477580915
554339.3477659278
554339.347773764
554339.3477816003
554339.3477894366
554339.3477972728
554339.3478051091
554339.3478129454
554339.3478207816
554339.3478286179
554339.3478364542
554339.3478442904
554339.3478521267
554339.347859963
554339.3478677992
554339.3478756355
554339.3478834718
554339.347891308
554339.3478991443
554339.3479069805
554339.3479148168
554339.3479226531
554339.3479304893
554339.3479383256
554339.3479461619
554339.3479539981
554339.3479618344
554339.3479696707
554339.3479775069
554339.3479853432
554339.3479931795
554339.3480010157
554339.348008852
554339.3480166883
554339.3480245245
554339.3480323608
554339.348040197
554339.3480480333
554339.3480558696
554339.3480637058
554339.3480715421
554339.3480793784
554339.3480872146
554339.3480950509
554346.0
554356.0
554366.0
554376.0
554386.0
554396.0
554406.0
554416.0
554426.0
554436.0
554446.0
554456.0
554466.0
554476.0
554486.0
554496.0
554506.0
554516.0
554526.0
554536.0
554546.0
554556.0
554566.0
554576.0
554586.0
554596.0
554606.0
554616.0
554626.0
554636.0
554646.0
554656.0
554666.0
554676.0
554686.0
554696.0
554706.0
554716.0
554726.0
554736.0
554746.0
554756.0
554766.0
554776.0
554786.0
554796.0
554806.0
554816.0
554826.0
554836.0
554846.0
554856.0
554866.0
554876.0
554886.0
554896.0
554906.0
554916.0
554926.0
554936.0
554946.0
554956.0
554966.0
554976.0
554986.0
554996.0
555006.0
555016.0
555026.0
