267003.0720844279
267003.07209250133
267006.0
267016.0
267026.0
267036.0
267046.0
267056.0
267066.0
267076.0
267086.0
267096.0
267106.0
267116.0
267126.0
267136.0
267146.0
267156.0
267166.0
267176.0
267186.0
267196.0
267206.0
267216.0
267226.0
267236.0
267246.0
267256.0
267266.0
267276.0
267286.0
267296.0
267306.0
267316.0
267326.0
267336.0
267346.0
267356.0
267366.0
267376.0
267386.0
267396.0
267406.0
267416.0
267426.0
267436.0
267446.0
267456.0
267466.0
267476.0
267486.0
267496.0
267506.0
267516.0
267526.0
267536.0
267546.0
267556.0
267566.0
267576.0
267586.0
267596.0
267606.0
267616.0
267626.0
267636.0
267646.0
267656.0
267666.0
267676.0
267686.0
267696.0
267706.0
267716.0
267726.0
267736.0
267746.0
267756.0
267766.0
267776.0
267786.0
267796.0
267806.0
267816.0
267826.0
267836.0
267846.0
267856.0
267866.0
267876.0
267886.0
267896.0
267906.0
267916.0
267926.0
267936.0
267946.0
267956.0
403006.0
403006.3649997461
403006.3650078195
403016.0
403025.3283072835
403025.3283153569
403026.0
403035.23327385023
403035.23328192363
403036.0
403046.0
403055.2332577034
403055.2332657768
403056.0
403056.6637010448
403056.6637091182
403066.0
403067.5870435211
403067.5870515945
403076.0
403076.3649997461
403076.3650078195
403086.0
403086.3922383263
403086.3922463997
403096.0
403096.3649997461
403096.3650078195
403106.0
403106.0935208808
403106.0935289542
403116.0
403116.3922383263
403116.3922463997
403126.0
403126.3649997461
403126.3650078195
403136.0
403146.0
403156.0
403166.0
403176.0
403186.0
403196.0
403206.0
403216.0
403226.0
403236.0
403246.0
403256.0
403266.0
403276.0
403286.0
403296.0
403306.0
403316.0
403326.0
403336.0
403346.0
403356.0
403366.0
403376.0
403386.0
403396.0
403406.0
403416.0
403426.0
403436.0
403446.0
403456.0
403466.0
403476.0
403486.0
403496.0
403506.0
403516.0
403526.0
403536.0
403546.0
403556.0
403566.0
403576.0
403586.0
403596.0
403606.0
403616.0
403626.0
403636.0
403646.0
403656.0
403666.0
403676.0
403686.0
403696.0
403706.0
403716.0
403726.0
403736.0
403746.0
403756.0
528004.7625151998
528004.7625232732
528006.0
528014.7625151998
528014.7625232732
528016.0
528024.7625151998
528024.7625232732
528026.0
528034.7625151998
528034.7625232732
528036.0
528046.0
528054.7625151998
528054.7625232732
528056.0
528064.4208561569
528064.4208642303
528066.0
528074.7625151998
528074.7625232732
528076.0
528084.7625151998
528084.7625232732
528086.0
528094.7625151998
528094.7625232732
528096.0
528104.7625151998
528104.7625232732
528106.0
528114.7625151998
528114.7625232732
528116.0
528124.7625151998
528124.7625232732
528124.7625313466
528124.76253942
528124.7625474934
528124.7625555668
528126.0
528136.0
528146.0
528156.0
528166.0
528176.0
528186.0
528196.0
528206.0
528216.0
528226.0
528236.0
528246.0
528256.0
528266.0
528276.0
528286.0
528296.0
528306.0
528316.0
528326.0
528336.0
528346.0
528356.0
528366.0
528376.0
528386.0
528396.0
528406.0
528416.0
528426.0
528436.0
528446.0
528456.0
528466.0
528476.0
528486.0
528496.0
528506.0
528516.0
528526.0
528536.0
528546.0
528556.0
528566.0
528576.0
528586.0
528596.0
528606.0
528616.0
528626.0
528636.0
528646.0
528656.0
528666.0
528676.0
528686.0
528696.0
528706.0
528716.0
528726.0
528736.0
528746.0
528756.0
528766.0
528776.0
528786.0
528796.0
528806.0
528816.0
528826.0
528836.0
528846.0
528856.0
528866.0
528876.0
528886.0
528896.0
528906.0
528916.0
528926.0
528936.0
528946.0
528956.0
528966.0
528976.0
528986.0
528996.0
529006.0
529016.0
529026.0
529036.0
529046.0
529056.0
529064.4208561569
529064.4208642303
529064.4208723037
529064.4208803771
529064.4208884505
529064.4208965239
529064.4209045973
529064.4209126707
529064.4209207441
529064.4209288175
529066.0
906005.9776355708
906006.0
906016.0
906016.0595772464
906025.9776355708
906026.0
906035.9568761098
906036.0
906046.0
906046.0595772464
906055.9568761098
906056.0
906066.0
906066.0595772464
906076.0
906076.0595772464
906086.0
906086.0595772464
906095.9776355708
906096.0
906105.9776355708
906106.0
906116.0
906116.0595772464
906126.0
906126.0595772464
906136.0
906146.0
906156.0
906166.0
906176.0
906186.0
906196.0
906206.0
906216.0
906226.0
906236.0
906246.0
906256.0
906266.0
906276.0
906286.0
906296.0
906306.0
906316.0
906326.0
906336.0
906346.0
906356.0
906366.0
906376.0
906386.0
906396.0
906406.0
906416.0
906426.0
906436.0
906446.0
906456.0
906466.0
906476.0
906486.0
906496.0
906506.0
906516.0
906526.0
906536.0
906546.0
906556.0
906566.0
906576.0
906586.0
906596.0
906606.0
906616.0
906626.0
906636.0
906646.0
906656.0
906666.0
906676.0
906686.0
906696.0
906706.0
906716.0
906726.0
906736.0
906746.0
906756.0
906766.0
906776.0
906786.0
906796.0
906806.0
906816.0
906826.0
906836.0
906846.0
906856.0
906866.0
906876.0
906886.0
906896.0
906906.0
1136003.8112514357
1136006.0
1136013.8112514357
1136016.0
1136023.8112514357
1136026.0
1136033.8112514357
1136036.0
1136043.8112514357
1136046.0
1136053.8112514357
1136056.0
1136059.4278990538
1136066.0
1136073.8112514357
1136076.0
1136083.8112514357
1136086.0
1136093.8112514357
1136096.0
1136103.8112514357
1136106.0
1136116.0
1136124.508654033
1136126.0
1136136.0
1136146.0
1136156.0
1136166.0
1136176.0
1136186.0
1136196.0
1136206.0
1136216.0
1136226.0
1136236.0
1136246.0
1136256.0
1136266.0
1136276.0
1136286.0
1136296.0
1136306.0
1136316.0
1136326.0
1136336.0
1136346.0
1136356.0
1136366.0
1136376.0
1136386.0
1136396.0
1136406.0
1136416.0
1136426.0
1136436.0
1136446.0
1136456.0
1136466.0
1136476.0
1136486.0
1136496.0
1136506.0
1136516.0
1136526.0
1136536.0
1136546.0
1136556.0
1136566.0
1136576.0
1136586.0
1136596.0
1136606.0
1136616.0
1136626.0
1136630.9087160092
1136636.0
1136646.0
1136656.0
1136666.0
1136676.0
1136686.0
1136696.0
1136706.0
1136716.0
1136726.0
1136736.0
1136746.0
1136756.0
1136766.0
1136776.0
1136786.0
1136796.0
1136806.0
1136816.0
1136826.0
1136836.0
1136846.0
1136856.0
1136866.0
1136876.0
1136886.0
1136896.0
1136906.0
1136916.0
1136926.0
1136936.0
1136946.0
1136956.0
1136966.0
1136976.0
1136986.0
1136996.0
1137006.0
1530005.9551083632
1530006.0
1530015.9551083632
1530016.0
1530025.9551083632
1530026.0
1530035.9551083632
1530036.0
1530045.9551083632
1530046.0
1530055.9758678242
1530056.0
1530065.9758678242
1530066.0
1530075.9758678242
1530076.0
1530085.9758678242
1530086.0
1530095.9758678242
1530096.0
1530105.9758678242
1530106.0
1530115.9758678242
1530116.0
1530125.9758678242
1530126.0
1530136.0
1530146.0
1530156.0
1530166.0
1530176.0
1530186.0
1530196.0
1530206.0
1530216.0
1530226.0
1530236.0
1530246.0
1530256.0
1530266.0
1530276.0
1530286.0
1530296.0
1530306.0
1530316.0
1530326.0
1530336.0
1530346.0
1530356.0
1530366.0
1530376.0
1530386.0
1530396.0
1530406.0
1530416.0
1530426.0
1530436.0
1530446.0
1530456.0
1530466.0
1530476.0
1530486.0
1530496.0
1530506.0
1530516.0
1530526.0
1530536.0
1530546.0
1530556.0
1530566.0
1530576.0
1530586.0
1530596.0
1530606.0
1530616.0
1530626.0
1530636.0
1530646.0
1530656.0
1530666.0
1530676.0
1530686.0
1530696.0
1530706.0
1530716.0
1530726.0
1530736.0
1530746.0
1530756.0
1530766.0
1530776.0
1530786.0
1530796.0
1530806.0
1530816.0
1530826.0
1530836.0
1530846.0
1530856.0
1530866.0
1530876.0
1530886.0
1530896.0
1530906.0
1530916.0
1530926.0
1530936.0
1580006.0
1580007.0240857191
1580016.0
1580026.0
1580027.0240857191
1580036.0
1580037.0240857191
1580046.0
1580047.0240857191
1580056.0
1580057.0240857191
1580066.0
1580067.0240857191
1580076.0
1580077.0240857191
1580086.0
1580087.0240857191
1580096.0
1580097.0240857191
1580106.0
1580116.0
1580117.0240857191
1580126.0
1580127.0240857191
1580136.0
1580137.0240857191
1580146.0
1580147.0240857191
1580156.0
1580157.0240857191
1580166.0
1580167.0240857191
1580176.0
1580177.0240857191
1580186.0
1580196.0
1580197.0240857191
1580206.0
1580207.0240857191
1580216.0
1580217.0240857191
1580226.0
1580227.0240857191
1580236.0
1580237.0240857191
1580246.0
1580247.0240857191
1580256.0
1580266.0
1580276.0
1580286.0
1580296.0
1580306.0
1580316.0
1580326.0
1580336.0
1580346.0
1580356.0
1580366.0
1580376.0
1580386.0
1580396.0
1580406.0
1580416.0
1580426.0
1580436.0
1580446.0
1580456.0
1580466.0
1580476.0
1580486.0
1580496.0
1580506.0
1580516.0
1580526.0
1580536.0
1580546.0
1580556.0
1580566.0
1580576.0
1580586.0
1580596.0
1580606.0
1580616.0
1580626.0
1580636.0
1580646.0
1580656.0
1580666.0
1580676.0
1580686.0
1580696.0
1580706.0
1580716.0
1580726.0
1580736.0
1580746.0
1580756.0
1580766.0
1580776.0
1580786.0
1580796.0
1580806.0
1580816.0
1580826.0
1580836.0
1580846.0
1580856.0
1580866.0
1580876.0
1580886.0
1692006.0
1692007.956321437
1692016.0
1692017.956321437
1692026.0
1692027.956321437
1692036.0
1692037.956321437
1692046.0
1692056.0
1692057.956321437
1692066.0
1692067.956321437
1692076.0
1692077.956321437
1692086.0
1692087.956321437
1692096.0
1692097.956321437
1692106.0
1692107.956321437
1692116.0
1692117.956321437
1692126.0
1692127.956321437
1692136.0
1692137.956321437
1692146.0
1692147.956321437
1692156.0
1692157.956321437
1692166.0
1692167.956321437
1692176.0
1692177.956321437
1692186.0
1692196.0
1692197.956321437
1692206.0
1692207.956321437
1692216.0
1692217.956321437
1692226.0
1692227.956321437
1692236.0
1692237.956321437
1692246.0
1692247.956321437
1692256.0
1692266.0
1692276.0
1692286.0
1692296.0
1692306.0
1692316.0
1692326.0
1692336.0
1692346.0
1692356.0
1692366.0
1692376.0
1692386.0
1692396.0
1692406.0
1692416.0
1692426.0
1692436.0
1692446.0
1692456.0
1692466.0
1692476.0
1692486.0
1692496.0
1692506.0
1692516.0
1692526.0
1692536.0
1692546.0
1692556.0
1692566.0
1692576.0
1692586.0
1692596.0
1692606.0
1692616.0
1692626.0
1692636.0
1692646.0
1692656.0
1692666.0
1692676.0
1692686.0
1692696.0
1692706.0
1692716.0
1692726.0
1692736.0
1692746.0
1692756.0
1692766.0
1692776.0
1692786.0
1692796.0
1692806.0
1692816.0
1692826.0
1692836.0
1692846.0
1692856.0
1692866.0
1692876.0
1692886.0
1692896.0
1692906.0
1692916.0
1692926.0
1692936.0
1692946.0
1692956.0
1692966.0
1692976.0
1692986.0
1692996.0
1693006.0
1693016.0
1821004.8996884413
1821006.0
1821014.8996884413
1821016.0
1821024.8996884413
1821026.0
1821034.8996884413
1821036.0
1821044.8996884413
1821046.0
1821054.8996884413
1821056.0
1821064.8996884413
1821066.0
1821076.0
1821084.8996884413
1821086.0
1821094.8996884413
1821096.0
1821104.8996884413
1821106.0
1821114.8996884413
1821116.0
1821124.8996884413
1821126.0
1821136.0
1821146.0
1821156.0
1821166.0
1821176.0
1821186.0
1821196.0
1821206.0
1821216.0
1821226.0
1821236.0
1821246.0
1821256.0
1821266.0
1821276.0
1821286.0
1821296.0
1821306.0
1821316.0
1821326.0
1821336.0
1821346.0
1821356.0
1821366.0
1821376.0
1821386.0
1821396.0
1821406.0
1821416.0
1821426.0
1821436.0
1821446.0
1821456.0
1821466.0
1821476.0
1821486.0
1821496.0
1821506.0
1821516.0
1821526.0
1821536.0
1821546.0
1821556.0
1821566.0
1821576.0
1821586.0
1821596.0
1821606.0
1821616.0
1821626.0
1821636.0
1821646.0
1821656.0
1821666.0
1821676.0
1821686.0
1821696.0
1821706.0
1821716.0
1821726.0
1821736.0
1821746.0
1821756.0
1821766.0
1821776.0
1821786.0
1821796.0
1821806.0
1821816.0
1821826.0
1821836.0
1821846.0
1821856.0
1821866.0
1821876.0
1821886.0
1821896.0
1821906.0
1821916.0
1821926.0
1821936.0
1821946.0
1821956.0
1821966.0
1821976.0
2044000.1629103236
2044006.0
2044010.1629103236
2044016.0
2044020.1629103236
2044026.0
2044030.1629103236
2044036.0
2044040.1629103236
2044046.0
2044050.1629103236
2044056.0
2044060.1629103236
2044066.0
2044067.411371134
2044070.1629103236
2044076.0
2044080.1629103236
2044086.0
2044090.1629103236
2044096.0
2044100.1629103236
2044106.0
2044110.1629103236
2044116.0
2044120.1629103236
2044126.0
2044130.1629103236
2044136.0
2044140.1629103236
2044146.0
2044150.1629103236
2044156.0
2044160.1629103236
2044166.0
2044170.1629103236
2044176.0
2044186.0
2044190.1629103236
2044196.0
2044200.1629103236
2044206.0
2044210.1629103236
2044216.0
2044220.1629103236
2044226.0
2044230.1629103236
2044236.0
2044240.1629103236
2044246.0
2044250.1629103236
2044256.0
2044260.1629103236
2044266.0
2044270.1629103236
2044276.0
2044286.0
2044290.1629103236
2044296.0
2044300.1629103236
2044306.0
2044310.1629103236
2044316.0
2044320.1629103236
2044326.0
2044336.0
2044340.1629103236
2044346.0
2044350.1629103236
2044356.0
2044366.0
2044370.1629103236
2044376.0
2044386.0
2044396.0
2044406.0
2044416.0
2044426.0
2044436.0
2044446.0
2044456.0
2044466.0
2044476.0
2044486.0
2044496.0
2044506.0
2044516.0
2044526.0
2044536.0
2044546.0
2044556.0
2044566.0
2044576.0
2044586.0
2044596.0
2044606.0
2044616.0
2044626.0
2044636.0
2044646.0
2044656.0
2044666.0
2044676.0
2044686.0
2044696.0
2044706.0
2044716.0
2044726.0
2044736.0
2044746.0
2044756.0
2044766.0
2044776.0
2044786.0
2044796.0
2044806.0
2044816.0
2044826.0
2044836.0
2044846.0
2044856.0
2044866.0
2044876.0
2044886.0
2044896.0
2044906.0
2044916.0
2044926.0
2044936.0
2044946.0
2044956.0
2044966.0
2044976.0
2044986.0
2044996.0
2045006.0
2045016.0
2045026.0
2045036.0
2045046.0
2045056.0
2045066.0
2045076.0
2045086.0
2045096.0
2454005.5734858504
2454006.0
2454015.5734858504
2454016.0
2454025.5734858504
2454026.0
2454035.5734858504
2454036.0
2454045.5734858504
2454046.0
2454055.5734858504
2454056.0
2454066.0
2454075.5734858504
2454076.0
2454085.5734858504
2454086.0
2454095.5734858504
2454096.0
2454105.5734858504
2454106.0
2454115.5734858504
2454116.0
2454125.5734858504
2454126.0
2454136.0
2454146.0
2454156.0
2454166.0
2454176.0
2454186.0
2454196.0
2454206.0
2454216.0
2454226.0
2454236.0
2454246.0
2454256.0
2454266.0
2454276.0
2454286.0
2454296.0
2454306.0
2454316.0
2454326.0
2454336.0
2454346.0
2454356.0
2454366.0
2454376.0
2454386.0
2454396.0
2454406.0
2454416.0
2454426.0
2454436.0
2454446.0
2454456.0
2454466.0
2454476.0
2454486.0
2454496.0
2454506.0
2454516.0
2454526.0
2454536.0
2454546.0
2454556.0
2454566.0
2454576.0
2454586.0
2454596.0
2454606.0
2454616.0
2454626.0
2454636.0
2454646.0
2454656.0
2454666.0
2454676.0
2454686.0
2454696.0
2454706.0
2454716.0
2454726.0
2454736.0
2454746.0
2454756.0
2454766.0
2454776.0
2454786.0
2454796.0
2454806.0
2454816.0
2454826.0
2454836.0
2454846.0
2454856.0
2454866.0
2454876.0
2454886.0
2454896.0
2454906.0
2454916.0
2454926.0
2454936.0
2454946.0
2454956.0
2454966.0
2454976.0
2454986.0
2454996.0
2455006.0
2455016.0
2455026.0
2455036.0
2455045.184440689
2455046.0
2455056.0
2455066.0
2455076.0
2455086.0
2455096.0
2455106.0
2455116.0
2455126.0
2455136.0
221002.9161286639
221002.91613650013
221006.0
221016.0
221026.0
221036.0
221046.0
221056.0
221066.0
221076.0
221086.0
221096.0
221106.0
221116.0
221126.0
221136.0
221146.0
221156.0
221166.0
221176.0
221186.0
221196.0
221206.0
221216.0
221226.0
221236.0
221246.0
221256.0
221266.0
221276.0
221286.0
221296.0
221306.0
221316.0
221326.0
221336.0
221346.0
221356.0
221366.0
221376.0
221386.0
221396.0
221406.0
221416.0
221426.0
221436.0
221446.0
221456.0
221466.0
221476.0
221486.0
221496.0
221506.0
221516.0
221526.0
221536.0
221546.0
221556.0
221566.0
221576.0
221586.0
221596.0
221606.0
221616.0
221626.0
221636.0
221646.0
221656.0
221666.0
221676.0
221686.0
221696.0
221706.0
221716.0
221726.0
221736.0
221746.0
221756.0
221766.0
221776.0
221786.0
221796.0
221806.0
221816.0
295006.0
295006.9833176683
295006.9833255046
295016.0
295016.94179874624
295016.9418065825
295026.0
295026.94179874624
295026.9418065825
295036.0
295036.94179874624
295036.9418065825
295046.0
295046.39443922276
295046.394447059
295056.0
295066.0
295066.39443922276
295066.394447059
295076.0
295086.0
295096.0
295096.2694176858
295096.26942552207
295096.6681189845
295096.66812682076
295106.0
295106.6681189845
295106.66812682076
295116.0
295116.6681189845
295116.66812682076
295126.0
295126.6681189845
295126.66812682076
295136.0
295146.0
295156.0
295166.0
295176.0
295183.93746740045
295183.9374752367
295183.937483073
295183.93749090924
295183.9374987455
295183.9375065818
295183.93751441804
295183.9375222543
295186.0
295196.0
295206.0
295216.0
295226.0
295236.0
295246.0
295256.0
295266.0
295276.0
295286.0
295296.0
295306.0
295316.0
295326.0
295336.0
295346.0
295356.0
295366.0
295376.0
295386.0
295396.0
295406.0
295416.0
295426.0
295436.0
295446.0
295456.0
295466.0
295476.0
295486.0
295496.0
295506.0
295516.0
295526.0
295536.0
295546.0
295556.0
295566.0
295576.0
295586.0
295596.0
295606.0
295616.0
295626.0
295636.0
295646.0
295656.0
295666.0
295676.0
295686.0
295696.0
295706.0
295716.0
295726.0
295736.0
295744.93746740045
295744.9374752367
295744.937483073
295744.93749090924
295744.9374987455
295744.9375065818
295744.93751441804
295744.9375222543
295744.93753009057
295744.93753792683
295744.9375457631
295744.93755359936
295744.9375614356
295744.9375692719
295746.0
295756.0
295766.0
295776.0
295786.0
295796.0
295806.0
295816.0
295826.0
295836.0
295846.0
295856.0
295866.0
295876.0
295886.0
295896.0
295906.0
295916.0
295926.0
295936.0
295946.0
295956.0
295966.0
295976.0
367006.0
367006.28691053623
367006.2869183725
367016.0
367026.0
367026.28691053623
367026.2869183725
367036.0
367046.0
367046.25919698016
367046.2592048164
367056.0
367056.28691053623
367056.2869183725
367066.0
367066.28691053623
367066.2869183725
367076.0
367076.28691053623
367076.2869183725
367086.0
367086.28691053623
367086.2869183725
367096.0
367096.28691053623
367096.2869183725
367106.0
367106.28691053623
367106.2869183725
367116.0
367116.28691053623
367116.2869183725
367126.0
367126.28691053623
367126.2869183725
367136.0
367146.0
367156.0
367166.0
367176.0
367186.0
367196.0
367206.0
367216.0
367226.0
367236.0
367246.0
367256.0
367266.0
367276.0
367286.0
367296.0
367306.0
367316.0
367326.0
367336.0
367346.0
367356.0
367366.0
367376.0
367386.0
367396.0
367406.0
367416.0
367426.0
367436.0
367446.0
367456.0
367466.0
367476.0
367486.0
367496.0
367506.0
367516.0
367526.0
367536.0
367546.0
367556.0
367566.0
367576.0
367586.0
367596.0
367606.0
367616.0
367626.0
367636.0
367646.0
367656.0
367666.0
367676.0
367686.0
367696.0
367706.0
367716.0
367726.0
367736.0
367746.0
367756.0
367766.0
367776.0
367786.0
367796.0
367806.0
367816.0
367826.0
367836.0
367846.0
367856.0
367866.0
367876.0
367886.0
367896.0
367906.0
367916.0
367926.0
367936.0
367946.0
367956.0
367966.0
367976.0
367986.0
367996.0
368006.0
368016.0
368026.0
368036.0
368046.0
554006.0
554008.5204386736
554008.5204465098
554016.0
554026.0
554028.5204386736
554028.5204465098
554036.0
554038.5204386736
554038.5204465098
554046.0
554048.5204386736
554048.5204465098
554056.0
554058.5204386736
554058.5204465098
554066.0
554068.5204386736
554068.5204465098
554076.0
554081.2188191847
554081.218827021
554086.0
554091.5175204834
554091.5175283196
554096.0
554106.0
554108.8191399722
554108.8191478085
554108.8191556447
554108.819163481
554116.0
554126.0
554128.5204386736
554128.5204465098
554136.0
554138.5204386736
554138.5204465098
554146.0
554153.6184983972
554153.6185062334
554156.0
554158.5204386736
554158.5204465098
554166.0
554168.5204386736
554168.5204465098
554176.0
554178.5204386736
554178.5204465098
554186.0
554196.0
554198.5204386736
554198.5204465098
554206.0
554216.0
554220.5214165873
554220.5214244236
554220.920117886
554220.9201257223
554226.0
554228.5204386736
554228.5204465098
554236.0
554238.5204386736
554238.5204465098
554246.0
554248.5204386736
554248.5204465098
554256.0
554266.0
554276.0
554286.0
554296.0
554306.0
554316.0
554326.0
554336.0
554340.0004671258
554340.000474962
554340.0004827983
554340.0004906346
554340.0004984709
554340.0005063071
554340.0005141434
554340.0005219796
554340.0005298159
554340.0005376522
554340.0005454884
554340.0005533247
554340.000561161
554340.0005689972
554340.0005768335
554340.0005846698
554340.000592506
554340.0006003423
554340.0006081786
554340.0006160148
554340.0006238511
554340.0006316873
554346.0
554356.0
554366.0
554376.0
554386.0
554396.0
554406.0
554416.0
554426.0
554436.0
554446.0
554456.0
554466.0
554476.0
554486.0
554496.0
554506.0
554516.0
554526.0
554536.0
554546.0
554556.0
554566.0
554576.0
554586.0
554596.0
554606.0
554616.0
554626.0
554636.0
554646.0
554656.0
554666.0
554676.0
554686.0
554696.0
554706.0
554716.0
554726.0
554736.0
554746.0
554756.0
554766.0
554776.0
554786.0
554796.0
554806.0
554816.0
554826.0
554836.0
554846.0
554856.0
554866.0
554876.0
554886.0
554896.0
554906.0
554916.0
554926.0
554936.0
554946.0
554956.0
554966.0
554976.0
554986.0
554996.0
555006.0
555016.0
555026.0
555036.0
555046.0
555056.0
555066.0
555076.0
656006.0
656016.0
656016.7466000457
656016.746607882
656017.1453013445
656017.1453091807
656026.0
656027.1453013445
656027.1453091807
656036.0
656037.1453013445
656037.1453091807
656046.0
656047.1453013445
656047.1453091807
656056.0
656057.1453013445
656057.1453091807
656066.0
656067.1453013445
656067.1453091807
656076.0
656077.1453013445
656077.1453091807
656086.0
656087.1453013445
656087.1453091807
656096.0
656097.1453013445
656097.1453091807
656106.0
656107.1453013445
656107.1453091807
656116.0
656117.1453013445
656117.1453091807
656126.0
656128.1698432278
656128.1698510641
656136.0
656137.1453013445
656137.1453091807
656146.0
656156.0
656157.1453013445
656157.1453091807
656166.0
656167.1453013445
656167.1453091807
656176.0
656186.0
656187.1453013445
656187.1453091807
656196.0
656197.1453013445
656197.1453091807
656206.0
656216.0
656217.1453013445
656217.1453091807
656226.0
656227.1453013445
656227.1453091807
656236.0
656237.1453013445
656237.1453091807
656246.0
656247.1453013445
656247.1453091807
656256.0
656257.1453013445
656257.1453091807
656266.0
656267.1453013445
656267.1453091807
656276.0
656276.3128984612
656276.3129062975
656276.3129141338
656276.31292197
656276.3129298063
656276.3129376426
656276.3129454788
656276.3129533151
656276.3129611514
656276.3129689876
656276.3129768239
656276.3129846602
656277.1453013445
656277.1453091807
656286.0
656287.1453013445
656287.1453091807
656296.0
656297.1453013445
656297.1453091807
656306.0
656307.1453013445
656307.1453091807
656316.0
656326.0
656328.1698432278
656328.1698510641
656336.0
656337.1453013445
656337.1453091807
656346.0
656347.1453013445
656347.1453091807
656356.0
656357.1453013445
656357.1453091807
656366.0
656367.1453013445
656367.1453091807
656376.0
656386.0
656396.0
656406.0
656416.0
656426.0
656436.0
656446.0
656456.0
656466.0
656476.0
656486.0
656496.0
656506.0
656516.0
656526.0
656536.0
656546.0
656556.0
656566.0
656576.0
656586.0
656596.0
656606.0
656616.0
656626.0
656636.0
656646.0
656656.0
656666.0
656676.0
656686.0
656696.0
656706.0
656716.0
656726.0
656736.0
656746.0
656756.0
656766.0
656776.0
656786.0
656796.0
656806.0
656816.0
656826.0
656836.0
656837.3128984612
656837.3129062975
656837.3129141338
656837.31292197
656837.3129298063
656837.3129376426
656837.3129454788
656837.3129533151
656837.3129611514
656837.3129689876
656837.3129768239
656837.3129846602
656837.3129924964
656837.3130003327
656837.313008169
656837.3130160052
656837.3130238415
656837.3130316777
656837.313039514
656837.3130473503
656837.3130551865
656837.3130630228
656846.0
656856.0
656866.0
656876.0
656886.0
656896.0
656906.0
221006.0
221012.69790175493
221012.69790959117
221016.0
221026.0
221036.0
221046.0
221056.0
221066.0
221076.0
221086.0
221096.0
221106.0
221116.0
221126.0
221136.0
221146.0
221156.0
221166.0
221176.0
221186.0
221196.0
221206.0
221216.0
221226.0
221236.0
221246.0
221256.0
221266.0
221276.0
221286.0
221296.0
221306.0
221316.0
221326.0
221336.0
221346.0
221356.0
221366.0
221376.0
221386.0
221396.0
221406.0
221416.0
221426.0
221436.0
221446.0
221456.0
221466.0
221476.0
221486.0
221496.0
221506.0
221516.0
221526.0
221536.0
221546.0
221556.0
221566.0
221576.0
221586.0
221596.0
221606.0
221616.0
221626.0
221636.0
221646.0
221656.0
221666.0
221676.0
221686.0
221696.0
221706.0
221716.0
221726.0
221736.0
221746.0
221756.0
221766.0
221776.0
221786.0
221796.0
221806.0
221816.0
295005.99573792407
295005.99574576033
295006.0
295006.39443922276
295006.394447059
295016.0
295016.39443922276
295016.394447059
295026.0
295036.0
295036.27367976174
295036.273687598
295046.0
295046.39443922276
295046.394447059
295056.0
295066.0
295066.6931405215
295066.69314835774
295066.693156194
295066.69316403026
295076.0
295076.51899598894
295076.5190038252
295086.0
295086.4223379865
295086.4223458228
295096.0
295106.0
295115.87497846305
295115.8749862993
295116.0
295116.8460608222
295116.84606865846
295116.8460764947
295116.846084331
295126.0
295126.39443922276
295126.394447059
295136.0
295146.0
295156.0
295166.0
295176.0
295183.93746740045
295183.9374752367
295186.0
295196.0
295206.0
295216.0
295226.0
295236.0
295246.0
295256.0
295266.0
295276.0
295286.0
295296.0
295306.0
295316.0
295326.0
295336.0
295346.0
295356.0
295366.0
295376.0
295386.0
295396.0
295406.0
295416.0
295426.0
295436.0
295446.0
295456.0
295466.0
295476.0
295486.0
295496.0
295506.0
295516.0
295526.0
295536.0
295546.0
295556.0
295566.0
295576.0
295586.0
295596.0
295606.0
295616.0
295626.0
295636.0
295646.0
295656.0
295666.0
295676.0
295686.0
295696.0
295706.0
295716.0
295726.0
295736.0
295744.93746740045
295744.9374752367
295744.937483073
295744.93749090924
295744.9374987455
295744.9375065818
295744.93751441804
295744.9375222543
295744.93753009057
295744.93753792683
295744.9375457631
295744.93755359936
295744.9375614356
295744.9375692719
295744.93757710815
295744.9375849444
295744.9375927807
295744.93760061695
295744.9376084532
295744.9376162895
295744.93762412574
295744.937631962
295744.93763979827
295744.93764763454
295744.9376554708
295744.93766330706
295746.0
295756.0
295766.0
295776.0
295786.0
295796.0
295806.0
295816.0
295826.0
295836.0
295846.0
295856.0
295866.0
295876.0
295886.0
295896.0
295906.0
295916.0
295926.0
295936.0
295946.0
295956.0
295966.0
295976.0
367006.0
367006.28691053623
367006.2869183725
367016.0
367016.28691053623
367016.2869183725
367026.0
367026.28691053623
367026.2869183725
367036.0
367036.28691053623
367036.2869183725
367046.0
367046.25919698016
367046.2592048164
367056.0
367056.28691053623
367056.2869183725
367066.0
367076.0
367076.45306161145
367076.4530694477
367086.0
367086.45306161145
367086.4530694477
367096.0
367096.28691053623
367096.2869183725
367106.0
367106.28691053623
367106.2869183725
367116.0
367116.28691053623
367116.2869183725
367126.0
367126.28691053623
367126.2869183725
367136.0
367146.0
367156.0
367166.0
367176.0
367186.0
367196.0
367206.0
367216.0
367226.0
367236.0
367246.0
367256.0
367266.0
367276.0
367286.0
367296.0
367306.0
367316.0
367326.0
367336.0
367346.0
367356.0
367366.0
367376.0
367386.0
367396.0
367406.0
367416.0
367426.0
367436.0
367446.0
367456.0
367466.0
367476.0
367486.0
367496.0
367506.0
367516.0
367526.0
367536.0
367546.0
367556.0
367566.0
367576.0
367586.0
367596.0
367606.0
367616.0
367626.0
367636.0
367646.0
367656.0
367666.0
367676.0
367686.0
367696.0
367706.0
367716.0
367726.0
367736.0
367746.0
367756.0
367766.0
367776.0
367786.0
367796.0
367806.0
367816.0
367826.0
367836.0
367846.0
367856.0
367866.0
367876.0
367886.0
367896.0
367906.0
367916.0
367926.0
367936.0
367946.0
367956.0
367966.0
367976.0
367986.0
367996.0
368006.0
368016.0
368026.0
368036.0
368046.0
554006.0
554016.0
554018.5204386736
554018.5204465098
554026.0
554028.5204386736
554028.5204465098
554036.0
554045.719476311
554045.7194841473
554046.0
554056.0
554060.5214165873
554060.5214244236
554060.920117886
554060.9201257223
554066.0
554068.5204386736
554068.5204465098
554076.0
554086.0
554090.799358425
554090.7993662612
554096.0
554103.3197970985
554103.3198049348
554106.0
554110.920117886
554110.9201257223
554116.0
554126.0
554128.1217373748
554128.1217452111
554136.0
554140.5214165873
554140.5214244236
554140.920117886
554140.9201257223
554146.0
554150.920117886
554150.9201257223
554156.0
554160.920117886
554160.9201257223
554166.0
554168.5204386736
554168.5204465098
554176.0
554178.5204386736
554178.5204465098
554186.0
554188.5204386736
554188.5204465098
554196.0
554206.0
554208.5204386736
554208.5204465098
554216.0
554218.5204386736
554218.5204465098
554226.0
554228.5204386736
554228.5204465098
554236.0
554238.5204386736
554238.5204465098
554246.0
554248.5204386736
554248.5204465098
554256.0
554266.0
554276.0
554286.0
554296.0
554306.0
554316.0
554326.0
554336.0
554340.0004671258
554340.000474962
554340.0004827983
554340.0004906346
554340.0004984709
554340.0005063071
554340.0005141434
554340.0005219796
554340.0005298159
554340.0005376522
554340.0005454884
554340.0005533247
554340.000561161
554340.0005689972
554340.0005768335
554340.0005846698
554340.000592506
554340.0006003423
554340.0006081786
554340.0006160148
554340.0006238511
554340.0006316873
554340.0006395236
554340.0006473599
554340.0006551961
554340.0006630324
554346.0
554356.0
554366.0
554376.0
554386.0
554396.0
554406.0
554416.0
554426.0
554436.0
554446.0
554456.0
554466.0
554476.0
554486.0
554496.0
554506.0
554516.0
554526.0
554536.0
554546.0
554556.0
554566.0
554576.0
554586.0
554596.0
554606.0
554616.0
554626.0
554636.0
554646.0
554656.0
554666.0
554676.0
554686.0
554696.0
554706.0
554716.0
554726.0
554736.0
554746.0
554756.0
554766.0
554776.0
554786.0
554796.0
554806.0
554816.0
554826.0
554836.0
554846.0
554856.0
554866.0
554876.0
554886.0
554896.0
554906.0
554916.0
554926.0
554936.0
554946.0
554956.0
554966.0
554976.0
554986.0
554996.0
555006.0
555016.0
555026.0
555036.0
555046.0
555056.0
555066.0
555076.0
656006.0
656007.1453013445
656007.1453091807
656016.0
656017.1453013445
656017.1453091807
656026.0
656028.1698432278
656028.1698510641
656036.0
656037.1453013445
656037.1453091807
656046.0
656047.1453013445
656047.1453091807
656056.0
656058.1698432278
656058.1698510641
656066.0
656069.1943851112
656069.1943929475
656076.0
656077.1453013445
656077.1453091807
656086.0
656087.1453013445
656087.1453091807
656096.0
656097.1453013445
656097.1453091807
656106.0
656107.1453013445
656107.1453091807
656116.0
656117.1453013445
656117.1453091807
656126.0
656127.1453013445
656127.1453091807
656136.0
656137.1453013445
656137.1453091807
656146.0
656147.1453013445
656147.1453091807
656156.0
656157.1453013445
656157.1453091807
656166.0
656167.1453013445
656167.1453091807
656176.0
656177.1453013445
656177.1453091807
656186.0
656187.1453013445
656187.1453091807
656196.0
656197.1453013445
656197.1453091807
656206.0
656207.1453013445
656207.1453091807
656216.0
656217.7711419291
656217.7711497654
656226.0
656227.1453013445
656227.1453091807
656236.0
656237.1453013445
656237.1453091807
656246.0
656256.0
656257.0245418834
656257.0245497196
656257.7711419291
656257.7711497654
656266.0
656267.1453013445
656267.1453091807
656276.0
656276.3128984612
656276.3129062975
656276.3129141338
656276.31292197
656276.3129298063
656276.3129376426
656276.3129454788
656276.3129533151
656278.1698432278
656278.1698510641
656286.0
656287.1453013445
656287.1453091807
656296.0
656297.1453013445
656297.1453091807
656306.0
656307.1453013445
656307.1453091807
656316.0
656317.1453013445
656317.1453091807
656326.0
656329.1943851112
656329.1943929475
656336.0
656337.1453013445
656337.1453091807
656346.0
656347.1453013445
656347.1453091807
656356.0
656366.0
656368.7956838125
656368.7956916487
656369.1943851112
656369.1943929475
656376.0
656386.0
656396.0
656406.0
656416.0
656426.0
656436.0
656446.0
656456.0
656466.0
656476.0
656486.0
656496.0
656506.0
656516.0
656526.0
656536.0
656546.0
656556.0
656566.0
656576.0
656586.0
656596.0
656606.0
656616.0
656626.0
656636.0
656646.0
656656.0
656666.0
656676.0
656686.0
656696.0
656706.0
656716.0
656726.0
656736.0
656746.0
656756.0
656766.0
656776.0
656786.0
656796.0
656806.0
656816.0
656826.0
656836.0
656837.3128984612
656837.3129062975
656837.3129141338
656837.31292197
656837.3129298063
656837.3129376426
656837.3129454788
656837.3129533151
656837.3129611514
656837.3129689876
656837.3129768239
656837.3129846602
656837.3129924964
656837.3130003327
656837.313008169
656837.3130160052
656837.3130238415
656837.3130316777
656837.313039514
656837.3130473503
656837.3130551865
656837.3130630228
656837.3130708591
656837.3130786953
656837.3130865316
656837.3130943679
656846.0
656856.0
656866.0
656876.0
656886.0
656896.0
656906.0
