57003.227069416585
57003.22707748998
57006.0
57012.84322334592
57012.84323141931
57016.0
57026.0
57027.12706941659
57027.12707748998
57036.0
57046.0
57056.0
57066.0
57076.0
57086.0
57096.0
57106.0
57116.0
57126.0
57136.0
57146.0
57156.0
57166.0
57176.0
57186.0
57196.0
57206.0
57216.0
57226.0
57236.0
57246.0
57256.0
57266.0
57276.0
57286.0
57296.0
57306.0
57316.0
57326.0
57336.0
57346.0
57356.0
57366.0
57376.0
57386.0
57396.0
57406.0
57416.0
57426.0
57436.0
57446.0
57456.0
57466.0
57476.0
57486.0
57496.0
57506.0
57516.0
57526.0
57536.0
57546.0
57556.0
57566.0
57576.0
57586.0
57596.0
57606.0
57616.0
57626.0
57636.0
57646.0
57656.0
57666.0
57676.0
57686.0
57696.0
57706.0
57716.0
57726.0
57736.0
57746.0
57756.0
57766.0
57776.0
57786.0
57796.0
57806.0
57816.0
57826.0
57836.0
57846.0
57856.0
57866.0
57876.0
57886.0
57896.0
57906.0
57916.0
57926.0
57936.0
57946.0
133006.0
133006.39636969677
133006.39637777017
133016.0
133016.39636969677
133016.39637777017
133026.0
133026.39636969677
133026.39637777017
133036.0
133036.39636969677
133036.39637777017
133046.0
133046.39636969677
133046.39637777017
133056.0
133056.39636969677
133056.39637777017
133066.0
133076.0
133076.39636969677
133076.39637777017
133086.0
133096.0
133096.39636969677
133096.39637777017
133106.0
133106.39636969677
133106.39637777017
133116.0
133116.39636969677
133116.39637777017
133126.0
133126.39636969677
133126.39637777017
133136.0
133146.0
133156.0
133166.0
133176.0
133186.0
133196.0
133206.0
133216.0
133226.0
133236.0
133246.0
133256.0
133266.0
133276.0
133286.0
133296.0
133306.0
133316.0
133326.0
133336.0
133346.0
133356.0
133366.0
133376.0
133386.0
133396.0
133406.0
133416.0
133426.0
133436.0
133446.0
133456.0
133466.0
133476.0
133486.0
133496.0
133506.0
133516.0
133526.0
133536.0
133546.0
133556.0
133566.0
133576.0
133586.0
133596.0
133606.0
133616.0
133626.0
133636.0
133646.0
133656.0
133666.0
133676.0
133686.0
133696.0
133706.0
133716.0
133726.0
133736.0
133746.0
133756.0
133766.0
133776.0
133786.0
133796.0
133806.0
133816.0
133826.0
133836.0
133846.0
133856.0
133866.0
133876.0
133886.0
133896.0
133906.0
133916.0
133926.0
133936.0
133946.0
133956.0
133966.0
133976.0
133986.0
133996.0
134006.0
134016.0
134026.0
134036.0
134046.0
134056.0
243001.37102574744
243001.37103382085
243006.0
243009.07641967043
243009.07642774383
243014.4027965204
243014.4028045938
243016.0
243026.0
243033.3876899868
243033.3876980602
243036.0
243041.97324069322
243041.97324876662
243046.0
243048.35280380235
243048.35281187575
243056.0
243064.34289597225
243064.34290404565
243066.0
243076.0
243083.28223617715
243083.28224425056
243086.0
243094.28203705937
243094.28204513277
243096.0
243106.0
243113.98333576065
243113.98334383406
243116.0
243118.9556602094
243118.9556682828
243126.0
243136.0
243146.0
243156.0
243166.0
243176.0
243186.0
243196.0
243206.0
243216.0
243226.0
243236.0
243246.0
243256.0
243266.0
243276.0
243286.0
243296.0
243306.0
243316.0
243326.0
243336.0
243346.0
243356.0
243366.0
243376.0
243386.0
243396.0
243406.0
243416.0
243426.0
243436.0
243446.0
243456.0
243466.0
243476.0
243486.0
243496.0
243506.0
243516.0
243526.0
243536.0
243546.0
243556.0
243566.0
243576.0
243586.0
243596.0
243606.0
243616.0
243626.0
243636.0
243646.0
243656.0
243666.0
243676.0
243686.0
243696.0
243706.0
243716.0
243726.0
243736.0
243746.0
243756.0
243766.0
243776.0
243786.0
243796.0
243806.0
243816.0
243826.0
243836.0
243846.0
243856.0
243866.0
243876.0
243886.0
243896.0
243906.0
243916.0
243926.0
243936.0
243946.0
243956.0
243963.79231166528
243963.79231973868
384004.70230401814
384004.70231209154
384004.70232016494
384004.70232823835
384004.70233631175
384004.70234438515
384004.70235245855
384004.70236053196
384004.70236860536
384004.70237667876
384006.0
384016.0
384022.14333497005
384022.14334304346
384022.14335111686
384022.14335919026
384022.14336726366
384022.14337533707
384022.14338341047
384022.14339148387
384022.1433995573
384022.1434076307
384024.70230401814
384024.70231209154
384025.97311941674
384025.97312749014
384026.0
384036.0
384036.09387887776
384036.09388695116
384046.0
384056.0
384063.28384857526
384063.28385664866
384063.68254987395
384063.68255794735
384066.0
384076.0
384084.6754234349
384084.6754315083
384084.6754395817
384084.6754476551
384085.671527331
384085.6715354044
384085.6715434778
384085.6715515512
384085.6715596246
384085.671567698
384086.0
384096.0
384096.09387887776
384096.09388695116
384105.3728260323
384105.3728341057
384106.0
384116.0
384126.0
384136.0
384146.0
384156.0
384166.0
384176.0
384186.0
384196.0
384206.0
384216.0
384226.0
384236.0
384246.0
384256.0
384266.0
384276.0
384286.0
384296.0
384306.0
384316.0
384326.0
384336.0
384346.0
384356.0
384366.0
384376.0
384386.0
384396.0
384406.0
384416.0
384426.0
384436.0
384446.0
384456.0
384466.0
384476.0
384486.0
384496.0
384506.0
384516.0
384526.0
384536.0
384546.0
384556.0
384566.0
384576.0
384586.0
384596.0
384606.0
384616.0
384626.0
384636.0
384646.0
384656.0
384666.0
384676.0
384686.0
384696.0
384706.0
384716.0
384726.0
384736.0
384746.0
384756.0
384766.0
384776.0
384786.0
384796.0
384806.0
384816.0
384826.0
384836.0
384846.0
384856.0
384866.0
384876.0
384886.0
384896.0
384906.0
384916.0
384926.0
384936.0
384946.0
384956.0
384966.0
384976.0
500006.0
500006.7942271992
500016.0
500026.0
500036.0
500036.7942271992
500046.0
500046.7942271992
500056.0
500056.7942271992
500066.0
500066.7942271992
500076.0
500076.7942271992
500086.0
500087.4676949374
500096.0
500096.71897467476
500106.0
500116.0
500126.0
500126.7942271992
500136.0
500136.7942271992
500146.0
500156.0
500166.0
500166.7942271992
500176.0
500176.7942271992
500186.0
500186.7942271992
500196.0
500196.7942271992
500206.0
500206.7942271992
500216.0
500216.7942271992
500226.0
500236.0
500236.7942271992
500246.0
500256.0
500266.0
500276.0
500286.0
500296.0
500306.0
500316.0
500326.0
500336.0
500346.0
500356.0
500366.0
500376.0
500386.0
500396.0
500406.0
500416.0
500426.0
500436.0
500446.0
500456.0
500466.0
500476.0
500486.0
500496.0
500506.0
500516.0
500526.0
500536.0
500546.0
500556.0
500566.0
500576.0
500586.0
500596.0
500606.0
500616.0
500626.0
500636.0
500646.0
500656.0
500666.0
500676.0
500686.0
500696.0
500706.0
500716.0
500726.0
500730.6189746748
500736.0
500746.0
500756.0
500766.0
500776.0
500786.0
500796.0
500806.0
500816.0
500826.0
500836.0
500846.0
500856.0
500866.0
500876.0
500886.0
500896.0
500906.0
500916.0
500926.0
500936.0
500946.0
500956.0
500966.0
500976.0
500986.0
500996.0
501006.0
501016.0
501026.0
501036.0
501046.0
501056.0
501066.0
501076.0
501086.0
613000.7098224708
613006.0
613016.0
613018.1835980043
613018.582299303
613026.0
613036.0
613046.0
613048.582299303
613048.9810006018
613056.0
613059.2797019004
613066.0
613069.2797019004
613076.0
613077.8495813301
613086.0
613087.8495813301
613096.0
613098.4469839275
613106.0
613109.0443865249
613109.0443944349
613109.0444023449
613116.0
613126.0
613128.8810006017
613128.8810085116
613128.8810164216
613128.8810243316
613128.8810322415
613129.5784031991
613136.0
613139.2797019004
613146.0
613156.0
613166.0
613176.0
613177.1521787327
613186.0
613187.1521787327
613196.0
613197.1521787327
613197.5508800314
613206.0
613207.5508800314
613216.0
613217.5508800314
613226.0
613236.0
613237.5508800314
613246.0
613256.0
613266.0
613276.0
613286.0
613296.0
613306.0
613316.0
613326.0
613336.0
613346.0
613356.0
613366.0
613376.0
613386.0
613396.0
613406.0
613416.0
613426.0
613436.0
613446.0
613456.0
613466.0
613476.0
613486.0
613496.0
613506.0
613516.0
613526.0
613536.0
613546.0
613556.0
613566.0
613576.0
613586.0
613596.0
613606.0
613616.0
613626.0
613636.0
613646.0
613656.0
613666.0
613676.0
613686.0
613696.0
613706.0
613716.0
613726.0
613736.0
613746.0
613756.0
613766.0
613776.0
613786.0
613796.0
613806.0
613816.0
613826.0
613836.0
613846.0
613856.0
613866.0
613876.0
613886.0
613896.0
613906.0
613916.0
613926.0
57003.227069416585
57003.22707748998
57006.0
57016.0
57026.0
57027.12706941659
57027.12707748998
57036.0
57046.0
57056.0
57066.0
57076.0
57086.0
57096.0
57106.0
57116.0
57126.0
57136.0
57146.0
57156.0
57166.0
57176.0
57186.0
57196.0
57206.0
57216.0
57226.0
57236.0
57246.0
57256.0
57266.0
57276.0
57286.0
57296.0
57306.0
57316.0
57326.0
57336.0
57346.0
57356.0
57366.0
57376.0
57386.0
57396.0
57406.0
57416.0
57426.0
57436.0
57446.0
57456.0
57466.0
57476.0
57486.0
57496.0
57506.0
57516.0
57526.0
57536.0
57546.0
57556.0
57566.0
57576.0
57586.0
57596.0
57606.0
57616.0
57626.0
57636.0
57646.0
57656.0
57666.0
57676.0
57686.0
57696.0
57706.0
57716.0
57726.0
57736.0
57746.0
57756.0
57766.0
57776.0
57786.0
57796.0
57806.0
57816.0
57826.0
57836.0
57846.0
57856.0
57866.0
57876.0
57886.0
57896.0
57906.0
57916.0
57926.0
57936.0
57946.0
133006.0
133006.39636969677
133006.39637777017
133016.0
133016.39636969677
133016.39637777017
133026.0
133026.39636969677
133026.39637777017
133036.0
133036.39636969677
133036.39637777017
133046.0
133046.39636969677
133046.39637777017
133056.0
133056.39636969677
133056.39637777017
133066.0
133074.65458668536
133074.65459475876
133076.0
133076.99377229417
133076.99378036757
133076.99378844097
133076.99379651438
133076.99380458778
133076.99381266118
133086.0
133094.53382722434
133094.53383529774
133094.53384337114
133094.53385144455
133094.53385951795
133094.53386759135
133094.53387566475
133094.53388373816
133094.53389181156
133094.53389988496
133096.0
133106.0
133106.39636969677
133106.39637777017
133116.0
133116.39636969677
133116.39637777017
133126.0
133126.39636969677
133126.39637777017
133136.0
133146.0
133156.0
133166.0
133176.0
133186.0
133196.0
133206.0
133216.0
133226.0
133236.0
133246.0
133256.0
133266.0
133276.0
133286.0
133296.0
133306.0
133316.0
133326.0
133336.0
133346.0
133356.0
133366.0
133376.0
133386.0
133396.0
133406.0
133416.0
133426.0
133436.0
133446.0
133456.0
133466.0
133476.0
133486.0
133496.0
133506.0
133516.0
133526.0
133536.0
133546.0
133556.0
133566.0
133576.0
133586.0
133596.0
133606.0
133616.0
133626.0
133636.0
133646.0
133656.0
133666.0
133676.0
133686.0
133696.0
133706.0
133716.0
133726.0
133736.0
133746.0
133756.0
133766.0
133776.0
133786.0
133796.0
133806.0
133816.0
133826.0
133836.0
133846.0
133856.0
133866.0
133876.0
133886.0
133896.0
133906.0
133916.0
133926.0
133936.0
133946.0
133956.0
133966.0
133976.0
133986.0
133996.0
134006.0
134016.0
134026.0
134036.0
134046.0
134056.0
243006.0
243013.3876899868
243013.3876980602
243016.0
243024.75095906493
243024.75096713833
243026.0
243036.0
243046.0
243054.28203705937
243054.28204513277
243056.0
243063.89229551848
243063.89230359189
243066.0
243076.0
243076.1719775304
243076.1719856038
243086.0
243088.16306996037
243088.16307803377
243096.0
243106.0
243108.75871573424
243108.75872380764
243114.4027965204
243114.4028045938
243114.4028126672
243114.4028207406
243116.0
243126.0
243136.0
243146.0
243156.0
243166.0
243176.0
243186.0
243196.0
243206.0
243216.0
243226.0
243236.0
243246.0
243256.0
243266.0
243276.0
243286.0
243296.0
243306.0
243316.0
243326.0
243336.0
243346.0
243356.0
243366.0
243376.0
243386.0
243396.0
243406.0
243416.0
243426.0
243436.0
243446.0
243456.0
243466.0
243476.0
243486.0
243496.0
243506.0
243516.0
243526.0
243536.0
243546.0
243556.0
243566.0
243576.0
243586.0
243596.0
243606.0
243616.0
243626.0
243636.0
243646.0
243656.0
243666.0
243676.0
243686.0
243696.0
243706.0
243716.0
243726.0
243736.0
243746.0
243756.0
243766.0
243776.0
243786.0
243796.0
243806.0
243816.0
243826.0
243836.0
243846.0
243856.0
243866.0
243876.0
243886.0
243896.0
243906.0
243916.0
243926.0
243936.0
243946.0
243956.0
243963.79231166528
243963.79231973868
384006.0
384007.4764418281
384007.47644990153
384016.0
384025.48274445964
384025.48275253305
384025.48276060645
384025.48276867985
384026.0
384036.0
384043.27099642187
384043.27100449527
384046.0
384046.09387887776
384046.09388695116
384056.0
384056.09387887776
384056.09388695116
384066.0
384076.0
384076.09387887776
384076.09388695116
384076.09389502456
384076.09390309796
384085.69840791426
384085.69841598766
384085.69842406106
384085.69843213446
384085.69844020787
384085.69844828127
384086.0
384096.0
384096.09387887776
384096.09388695116
384105.07412473357
384105.07413280697
384106.0
384115.07412473357
384115.07413280697
384116.0
384125.07412473357
384125.07413280697
384126.0
384136.0
384146.0
384156.0
384166.0
384176.0
384186.0
384196.0
384206.0
384216.0
384226.0
384236.0
384246.0
384256.0
384266.0
384276.0
384286.0
384296.0
384306.0
384316.0
384326.0
384336.0
384346.0
384356.0
384366.0
384376.0
384386.0
384396.0
384406.0
384416.0
384426.0
384436.0
384446.0
384456.0
384466.0
384476.0
384486.0
384496.0
384506.0
384516.0
384526.0
384536.0
384546.0
384556.0
384566.0
384576.0
384586.0
384596.0
384606.0
384616.0
384626.0
384636.0
384646.0
384656.0
384666.0
384676.0
384686.0
384696.0
384706.0
384716.0
384726.0
384736.0
384746.0
384756.0
384766.0
384776.0
384786.0
384796.0
384806.0
384816.0
384826.0
384836.0
384846.0
384856.0
384866.0
384876.0
384886.0
384896.0
384906.0
384916.0
384926.0
384936.0
384946.0
384956.0
384966.0
384976.0
500006.0
500006.7942271992
500016.0
500016.7942271992
500026.0
500026.7942271992
500036.0
500036.7942271992
500046.0
500046.7942271992
500056.0
500056.7942271992
500066.0
500066.7942271992
500076.0
500076.7942271992
500086.0
500086.7942271992
500096.0
500106.0
500106.7942271992
500116.0
500126.0
500126.7942271992
500136.0
500136.7942271992
500146.0
500146.7942271992
500156.0
500156.7942271992
500166.0
500166.7942271992
500176.0
500176.7942271992
500186.0
500186.7942271992
500196.0
500196.7942271992
500206.0
500206.7942271992
500216.0
500216.7942271992
500226.0
500226.7942271992
500236.0
500236.7942271992
500246.0
500246.7942271992
500256.0
500266.0
500276.0
500286.0
500296.0
500306.0
500316.0
500326.0
500336.0
500346.0
500356.0
500366.0
500376.0
500386.0
500396.0
500406.0
500416.0
500426.0
500436.0
500446.0
500456.0
500466.0
500476.0
500486.0
500496.0
500506.0
500516.0
500526.0
500536.0
500546.0
500556.0
500566.0
500576.0
500586.0
500596.0
500606.0
500616.0
500626.0
500636.0
500646.0
500656.0
500666.0
500676.0
500686.0
500696.0
500706.0
500716.0
500726.0
500730.6189746748
500736.0
500746.0
500756.0
500766.0
500776.0
500786.0
500796.0
500806.0
500816.0
500826.0
500836.0
500846.0
500856.0
500866.0
500876.0
500886.0
500896.0
500906.0
500916.0
500926.0
500936.0
500946.0
500956.0
500966.0
500976.0
500986.0
500996.0
501006.0
501016.0
501026.0
501036.0
501046.0
501056.0
501066.0
501076.0
501086.0
613006.0
613007.5508800314
613016.0
613017.5508800314
613026.0
613027.5508800314
613036.0
613037.5508800314
613046.0
613056.0
613057.4301205704
613058.8602411407
613066.0
613069.2797019004
613076.0
613077.5508800314
613086.0
613087.5508800314
613096.0
613097.8495813301
613106.0
613116.0
613117.8495813301
613117.84958924
613126.0
613136.0
613137.5508800314
613146.0
613147.5508800314
613156.0
613158.9810006018
613166.0
613169.2797019004
613176.0
613186.0
613196.0
613197.5508800314
613206.0
613216.0
613217.4301205704
613226.0
613231.4425404437
613231.8412417425
613236.0
613237.5508800314
613246.0
613247.5508800314
613256.0
613266.0
613276.0
613286.0
613296.0
613306.0
613316.0
613326.0
613336.0
613346.0
613356.0
613366.0
613376.0
613386.0
613396.0
613406.0
613416.0
613426.0
613436.0
613446.0
613456.0
613466.0
613476.0
613486.0
613496.0
613506.0
613516.0
613526.0
613536.0
613546.0
613556.0
613566.0
613576.0
613586.0
613596.0
613606.0
613616.0
613626.0
613636.0
613646.0
613656.0
613666.0
613676.0
613686.0
613696.0
613706.0
613716.0
613726.0
613736.0
613746.0
613756.0
613766.0
613776.0
613786.0
613796.0
613806.0
613816.0
613826.0
613836.0
613846.0
613856.0
613866.0
613876.0
613886.0
613896.0
613906.0
613916.0
613926.0
