2204003.1867631385
2204003.1867708242
2204006.0
2204016.0
2204026.0
2204036.0
2204046.0
2204056.0
2204066.0
2204076.0
2204086.0
2204096.0
2204106.0
2204116.0
2204126.0
2204136.0
2204146.0
2204156.0
2204166.0
2204176.0
2204186.0
2204196.0
2204206.0
2204216.0
2204226.0
2204236.0
2204246.0
2204256.0
2204266.0
2204276.0
2204286.0
2204296.0
2204306.0
2204316.0
2204326.0
2204336.0
2204346.0
2204356.0
2204366.0
2204376.0
2204386.0
2204396.0
2204406.0
2204416.0
2204426.0
2204436.0
2204446.0
2204456.0
2204466.0
2204476.0
2204486.0
2204496.0
2204506.0
2204516.0
2204526.0
2204536.0
2204546.0
2204556.0
2204566.0
2204576.0
2204586.0
2204596.0
2204606.0
2204616.0
2204626.0
2204633.333629283
2204633.333636969
2204636.0
2204646.0
2204656.0
2204666.0
2204676.0
2204686.0
2204696.0
2204706.0
2204716.0
2204726.0
2204736.0
2204746.0
2204756.0
2204766.0
2204776.0
2204786.0
2204796.0
2204806.0
2204816.0
2204826.0
2204836.0
2204846.0
2204856.0
2204866.0
2204876.0
2204886.0
2204896.0
2204906.0
2204916.0
2204926.0
2204936.0
2204946.0
2204956.0
2204966.0
2204976.0
2204986.0
2204996.0
2205006.0
2205016.0
2205026.0
2453006.0
2453015.339316697
2453015.3393243826
2453016.0
2453025.339316697
2453025.3393243826
2453026.0
2453035.339316697
2453035.3393243826
2453036.0
2453045.339316697
2453045.3393243826
2453046.0
2453055.339316697
2453055.3393243826
2453056.0
2453065.339316697
2453065.3393243826
2453066.0
2453075.339316697
2453075.3393243826
2453076.0
2453085.339316697
2453085.3393243826
2453086.0
2453096.0
2453105.339316697
2453105.3393243826
2453106.0
2453115.339316697
2453115.3393243826
2453116.0
2453126.0
2453136.0
2453146.0
2453156.0
2453166.0
2453176.0
2453186.0
2453196.0
2453206.0
2453216.0
2453226.0
2453236.0
2453246.0
2453256.0
2453266.0
2453276.0
2453286.0
2453296.0
2453306.0
2453316.0
2453326.0
2453336.0
2453346.0
2453356.0
2453366.0
2453376.0
2453386.0
2453396.0
2453406.0
2453416.0
2453426.0
2453436.0
2453446.0
2453456.0
2453466.0
2453476.0
2453486.0
2453496.0
2453506.0
2453516.0
2453526.0
2453536.0
2453546.0
2453556.0
2453566.0
2453576.0
2453586.0
2453596.0
2453606.0
2453616.0
2453626.0
2453636.0
2453646.0
2453656.0
2453666.0
2453676.0
2453686.0
2453696.0
2453706.0
2453716.0
2453726.0
2453736.0
2453746.0
2453756.0
2453766.0
2453776.0
2453786.0
2453796.0
2453806.0
2453816.0
2453826.0
2453836.0
2453846.0
2453856.0
2453866.0
2453876.0
2453886.0
2453896.0
2453906.0
2453916.0
2453926.0
2453936.0
2453946.0
2453956.0
2453966.0
2453976.0
2453986.0
2453996.0
2454006.0
2454016.0
2454026.0
2454036.0
2454046.0
2454056.0
2454066.0
2454076.0
2454086.0
2454096.0
2454106.0
2454116.0
2454126.0
2454136.0
2454146.0
2454156.0
2454166.0
2454176.0
2454186.0
3439006.0
3439008.1665111957
3439016.0
3439018.1665111957
3439026.0
3439028.1665111957
3439036.0
3439038.1665111957
3439046.0
3439048.1665111957
3439056.0
3439058.1665111957
3439066.0
3439068.1665111957
3439076.0
3439078.1665111957
3439086.0
3439088.1665111957
3439096.0
3439098.1665111957
3439106.0
3439108.1665111957
3439116.0
3439118.1665111957
3439126.0
3439128.1665111957
3439136.0
3439138.1665111957
3439146.0
3439148.1665111957
3439156.0
3439158.1665111957
3439166.0
3439168.1665111957
3439176.0
3439178.1665111957
3439186.0
3439188.1665111957
3439196.0
3439198.1665111957
3439206.0
3439208.1665111957
3439216.0
3439218.1665111957
3439226.0
3439228.1665111957
3439236.0
3439246.0
3439248.1665111957
3439256.0
3439266.0
3439276.0
3439286.0
3439296.0
3439306.0
3439316.0
3439326.0
3439336.0
3439346.0
3439356.0
3439366.0
3439376.0
3439386.0
3439396.0
3439406.0
3439416.0
3439426.0
3439436.0
3439446.0
3439456.0
3439466.0
3439476.0
3439486.0
3439487.072408769
3439496.0
3439506.0
3439516.0
3439526.0
3439536.0
3439546.0
3439556.0
3439566.0
3439576.0
3439586.0
3439596.0
3439606.0
3439616.0
3439626.0
3439636.0
3439646.0
3439656.0
3439666.0
3439676.0
3439686.0
3439696.0
3439706.0
3439716.0
3439726.0
150003.32767033813
150003.32767817436
150006.0
150016.0
150026.0
150036.0
150046.0
150056.0
150066.0
150076.0
150086.0
150096.0
150106.0
150116.0
150126.0
150136.0
150146.0
150156.0
150166.0
150176.0
150186.0
150196.0
150206.0
150216.0
150226.0
150236.0
150246.0
150256.0
150266.0
150276.0
150286.0
150296.0
150306.0
150316.0
150326.0
150336.0
150346.0
150356.0
150366.0
150376.0
150386.0
150396.0
150406.0
150416.0
150426.0
150436.0
150446.0
150456.0
150466.0
150476.0
150486.0
150496.0
150506.0
150516.0
150526.0
150536.0
150546.0
150556.0
150566.0
150576.0
150586.0
150596.0
150606.0
150616.0
150626.0
150636.0
150646.0
150656.0
150666.0
150676.0
150686.0
150696.0
150706.0
150716.0
150726.0
150736.0
150746.0
150756.0
150766.0
150776.0
150786.0
150796.0
150806.0
150816.0
150826.0
150836.0
150846.0
150856.0
150866.0
150876.0
150886.0
150896.0
150906.0
150916.0
150926.0
150936.0
150946.0
150956.0
150966.0
150976.0
150986.0
150996.0
151006.0
151016.0
151026.0
151036.0
151046.0
151056.0
103000.9440131608
103000.94402084644
103002.5116049435
103002.51161262914
103006.0
103016.0
103026.0
103036.0
103046.0
103056.0
103066.0
103076.0
103086.0
103096.0
103106.0
103116.0
103126.0
103136.0
103146.0
103156.0
103166.0
103176.0
103186.0
103196.0
103206.0
103216.0
103226.0
103236.0
103246.0
103256.0
103266.0
103276.0
103286.0
103296.0
103306.0
103316.0
103326.0
103336.0
103346.0
103356.0
103366.0
103376.0
103386.0
103396.0
103406.0
103416.0
103426.0
103436.0
103446.0
103456.0
103466.0
103476.0
103486.0
103496.0
103506.0
103516.0
103526.0
103536.0
103546.0
103556.0
103566.0
103576.0
103586.0
103596.0
103606.0
103616.0
103626.0
103636.0
103646.0
103656.0
103666.0
103676.0
103686.0
103696.0
103706.0
103716.0
103726.0
103736.0
103746.0
103756.0
103766.0
103776.0
103786.0
103796.0
103806.0
103816.0
103826.0
103836.0
103846.0
103856.0
103866.0
103876.0
103886.0
103896.0
103906.0
103916.0
103926.0
103936.0
103946.0
103956.0
103966.0
103976.0
765006.0
765016.0
765026.0
765036.0
765046.0
765056.0
765066.0
765076.0
765086.0
765096.0
765106.0
765116.0
765126.0
765136.0
765146.0
765156.0
765166.0
765176.0
765186.0
765196.0
765206.0
765216.0
765226.0
765236.0
765246.0
765256.0
765266.0
765276.0
765286.0
765296.0
765306.0
765316.0
765326.0
765336.0
765346.0
765356.0
765366.0
765376.0
765386.0
765396.0
765404.3851406393
765406.0
765416.0
765426.0
765436.0
765446.0
765456.0
765466.0
765476.0
765486.0
765496.0
765506.0
765516.0
765526.0
765536.0
765546.0
765556.0
765566.0
765576.0
765586.0
765596.0
765606.0
765616.0
765626.0
765636.0
765646.0
765656.0
765666.0
765676.0
765686.0
765696.0
765706.0
765716.0
765726.0
765736.0
765746.0
765756.0
765766.0
765776.0
765786.0
765796.0
765806.0
765816.0
765826.0
765836.0
765846.0
765856.0
1231004.3224252686
1231006.0
1231014.3224252686
1231016.0
1231024.3224252686
1231026.0
1231036.0
1231044.3224252686
1231046.0
1231056.0
1231064.3224252686
1231066.0
1231074.3224252686
1231076.0
1231084.3224252686
1231086.0
1231094.3224252686
1231096.0
1231104.3224252686
1231106.0
1231116.0
1231124.3224252686
1231126.0
1231136.0
1231146.0
1231156.0
1231166.0
1231176.0
1231186.0
1231196.0
1231206.0
1231216.0
1231226.0
1231236.0
1231246.0
1231256.0
1231266.0
1231276.0
1231286.0
1231296.0
1231306.0
1231316.0
1231326.0
1231336.0
1231346.0
1231356.0
1231366.0
1231376.0
1231386.0
1231396.0
1231406.0
1231416.0
1231426.0
1231436.0
1231446.0
1231456.0
1231466.0
1231476.0
1231486.0
1231496.0
1231498.407605585
1231506.0
1231516.0
1231526.0
1231536.0
1231546.0
1231556.0
1231566.0
1231576.0
1231586.0
1231596.0
1231606.0
1231616.0
1231626.0
1231636.0
1231646.0
1231656.0
1231666.0
1231676.0
1231686.0
1231696.0
1231706.0
1231716.0
1231726.0
1231736.0
1231746.0
1231756.0
1231766.0
1231776.0
1231786.0
1231796.0
1231806.0
1231816.0
1231826.0
1231836.0
1231846.0
1231856.0
1231866.0
1231876.0
1231886.0
1231896.0
1231906.0
1231916.0
1231926.0
1231936.0
1231946.0
1231956.0
1231966.0
1231976.0
1231986.0
1231996.0
1232006.0
1232016.0
1454006.0
1454006.5794595703
1454016.0
1454016.5794595703
1454026.0
1454026.5794595703
1454036.0
1454036.5794595703
1454046.0
1454046.5794595703
1454056.0
1454056.5794595703
1454066.0
1454066.5794595703
1454076.0
1454076.5794595703
1454086.0
1454086.5794595703
1454096.0
1454096.5794595703
1454106.0
1454106.5794595703
1454116.0
1454116.5794595703
1454126.0
1454136.0
1454146.0
1454156.0
1454166.0
1454176.0
1454186.0
1454196.0
1454206.0
1454216.0
1454226.0
1454236.0
1454246.0
1454256.0
1454266.0
1454276.0
1454286.0
1454296.0
1454306.0
1454316.0
1454326.0
1454336.0
1454346.0
1454356.0
1454366.0
1454376.0
1454386.0
1454396.0
1454406.0
1454416.0
1454426.0
1454436.0
1454446.0
1454456.0
1454466.0
1454476.0
1454486.0
1454496.0
1454506.0
1454516.0
1454526.0
1454536.0
1454546.0
1454556.0
1454566.0
1454576.0
1454586.0
1454596.0
1454606.0
1454616.0
1454626.0
1454636.0
1454646.0
1454656.0
1454666.0
1454676.0
1454686.0
1454696.0
1454706.0
1454716.0
1454726.0
1454736.0
1454746.0
103000.9440131608
103000.94402084644
103002.5116049435
103002.51161262914
103006.0
103016.0
103026.0
103036.0
103046.0
103056.0
103066.0
103076.0
103086.0
103096.0
103106.0
103116.0
103126.0
103136.0
103146.0
103156.0
103166.0
103176.0
103186.0
103196.0
103206.0
103216.0
103226.0
103236.0
103246.0
103256.0
103266.0
103276.0
103286.0
103296.0
103306.0
103316.0
103326.0
103336.0
103346.0
103356.0
103366.0
103376.0
103386.0
103396.0
103406.0
103416.0
103426.0
103436.0
103446.0
103456.0
103466.0
103476.0
103486.0
103496.0
103506.0
103516.0
103526.0
103536.0
103546.0
103556.0
103566.0
103576.0
103586.0
103596.0
103606.0
103616.0
103626.0
103636.0
103646.0
103656.0
103666.0
103676.0
103686.0
103696.0
103706.0
103716.0
103726.0
103736.0
103746.0
103756.0
103766.0
103776.0
103786.0
103796.0
103806.0
103816.0
103826.0
103836.0
103846.0
103856.0
103866.0
103876.0
103886.0
103896.0
103906.0
103916.0
103926.0
103936.0
103946.0
103956.0
103966.0
103976.0
765004.503148155
765006.0
765016.0
765026.0
765036.0
765046.0
765056.0
765066.0
765076.0
765086.0
765096.0
765106.0
765116.0
765126.0
765136.0
765146.0
765156.0
765166.0
765176.0
765186.0
765196.0
765206.0
765216.0
765226.0
765236.0
765246.0
765256.0
765266.0
765276.0
765286.0
765296.0
765306.0
765316.0
765326.0
765336.0
765346.0
765356.0
765366.0
765376.0
765386.0
765396.0
765404.3851406393
765406.0
765416.0
765426.0
765436.0
765446.0
765456.0
765466.0
765476.0
765486.0
765496.0
765506.0
765516.0
765526.0
765536.0
765546.0
765556.0
765566.0
765576.0
765586.0
765596.0
765606.0
765616.0
765626.0
765636.0
765646.0
765656.0
765666.0
765676.0
765686.0
765696.0
765706.0
765716.0
765726.0
765736.0
765746.0
765756.0
765766.0
765776.0
765786.0
765796.0
765806.0
765816.0
765826.0
765836.0
765846.0
765856.0
1231004.3224252686
1231006.0
1231014.3224252686
1231016.0
1231024.3224252686
1231026.0
1231034.3224252686
1231036.0
1231044.3224252686
1231046.0
1231056.0
1231066.0
1231074.3224252686
1231076.0
1231084.3224252686
1231086.0
1231094.3224252686
1231096.0
1231104.3224252686
1231106.0
1231114.3224252686
1231116.0
1231124.3224252686
1231126.0
1231136.0
1231146.0
1231156.0
1231166.0
1231176.0
1231186.0
1231196.0
1231206.0
1231216.0
1231226.0
1231236.0
1231246.0
1231256.0
1231266.0
1231276.0
1231286.0
1231296.0
1231306.0
1231316.0
1231326.0
1231336.0
1231346.0
1231356.0
1231366.0
1231376.0
1231386.0
1231396.0
1231406.0
1231416.0
1231426.0
1231436.0
1231446.0
1231456.0
1231466.0
1231476.0
1231486.0
1231496.0
1231498.407605585
1231506.0
1231516.0
1231526.0
1231536.0
1231546.0
1231556.0
1231566.0
1231576.0
1231586.0
1231596.0
1231606.0
1231616.0
1231626.0
1231636.0
1231646.0
1231656.0
1231666.0
1231676.0
1231686.0
1231696.0
1231706.0
1231716.0
1231726.0
1231736.0
1231746.0
1231756.0
1231766.0
1231776.0
1231786.0
1231796.0
1231806.0
1231816.0
1231826.0
1231836.0
1231846.0
1231856.0
1231866.0
1231876.0
1231886.0
1231896.0
1231906.0
1231916.0
1231926.0
1231936.0
1231946.0
1231956.0
1231966.0
1231976.0
1231986.0
1231996.0
1232006.0
1232016.0
1454006.0
1454006.5794595703
1454016.0
1454016.5794595703
1454026.0
1454026.5794595703
1454036.0
1454046.0
1454046.5794595703
1454056.0
1454056.5794595703
1454066.0
1454066.5794595703
1454076.0
1454076.5794595703
1454086.0
1454086.5794595703
1454096.0
1454096.5794595703
1454106.0
1454116.0
1454116.5794595703
1454126.0
1454126.5794595703
1454136.0
1454146.0
1454156.0
1454166.0
1454176.0
1454186.0
1454196.0
1454206.0
1454216.0
1454226.0
1454236.0
1454246.0
1454256.0
1454266.0
1454276.0
1454286.0
1454296.0
1454306.0
1454316.0
1454326.0
1454336.0
1454346.0
1454356.0
1454366.0
1454376.0
1454386.0
1454396.0
1454406.0
1454416.0
1454426.0
1454436.0
1454446.0
1454456.0
1454466.0
1454476.0
1454486.0
1454496.0
1454506.0
1454516.0
1454526.0
1454536.0
1454546.0
1454556.0
1454566.0
1454576.0
1454586.0
1454596.0
1454606.0
1454616.0
1454626.0
1454636.0
1454646.0
1454656.0
1454666.0
1454676.0
1454686.0
1454696.0
1454706.0
1454716.0
1454726.0
1454736.0
1454746.0
1623005.357375525
1623006.0
1623015.357375525
1623016.0
1623025.357375525
1623026.0
1623036.0
1623046.0
1623055.357375525
1623056.0
1623065.357375525
1623066.0
1623075.357375525
1623076.0
1623085.357375525
1623086.0
1623095.357375525
1623096.0
1623105.357375525
1623106.0
1623115.357375525
1623116.0
1623125.357375525
1623126.0
1623136.0
1623146.0
1623156.0
1623166.0
1623176.0
1623186.0
1623196.0
1623206.0
1623216.0
1623226.0
1623236.0
1623246.0
1623256.0
1623266.0
1623276.0
1623286.0
1623296.0
1623306.0
1623316.0
1623326.0
1623336.0
1623346.0
1623356.0
1623366.0
1623376.0
1623386.0
1623396.0
1623406.0
1623416.0
1623426.0
1623436.0
1623446.0
1623456.0
1623466.0
1623476.0
1623486.0
1623496.0
1623506.0
1623516.0
1623526.0
1623536.0
1623546.0
1623556.0
1623566.0
1623576.0
1623586.0
1623596.0
1623606.0
1623616.0
1623626.0
1623636.0
1623646.0
1623656.0
1623666.0
1623676.0
1623686.0
1623696.0
1623706.0
1623716.0
1623726.0
1623736.0
1623746.0
1623756.0
1623766.0
1623776.0
1623786.0
1623796.0
1623806.0
1623816.0
1623826.0
1623836.0
1623846.0
1623856.0
1623866.0
1623876.0
1623886.0
1623896.0
1623906.0
1623916.0
1623926.0
1623936.0
1623946.0
1623956.0
1623966.0
1623976.0
1623986.0
1623996.0
1624006.0
1624016.0
1624026.0
1624036.0
1624046.0
1624056.0
1624066.0
1624076.0
1624086.0
1624096.0
1624106.0
1624116.0
1660005.4730676636
1660006.0
1660015.4730676636
1660016.0
1660025.4730676636
1660026.0
1660035.4730676636
1660036.0
1660045.4730676636
1660046.0
1660055.4730676636
1660056.0
1660065.4730676636
1660066.0
1660075.4730676636
1660076.0
1660085.4730676636
1660086.0
1660095.4730676636
1660096.0
1660105.4730676636
1660106.0
1660115.4730676636
1660116.0
1660125.4730676636
1660126.0
1660136.0
1660146.0
1660156.0
1660166.0
1660176.0
1660186.0
1660196.0
1660206.0
1660216.0
1660226.0
1660236.0
1660246.0
1660256.0
1660266.0
1660276.0
1660286.0
1660296.0
1660306.0
1660316.0
1660326.0
1660336.0
1660346.0
1660356.0
1660366.0
1660376.0
1660386.0
1660396.0
1660406.0
1660416.0
1660426.0
1660436.0
1660446.0
1660456.0
1660466.0
1660476.0
1660486.0
1660496.0
1660506.0
1660516.0
1660526.0
1660536.0
1660546.0
1660556.0
1660566.0
1660576.0
1660586.0
1660596.0
1660606.0
1660616.0
1660626.0
1660636.0
1660646.0
1660656.0
1660666.0
1660676.0
1660686.0
1660696.0
1660706.0
1660716.0
1660726.0
1660736.0
1660746.0
1660756.0
1660762.9829267825
1660766.0
1660776.0
1660786.0
1660796.0
1660806.0
1660816.0
1660826.0
1660836.0
1660846.0
1660856.0
1660866.0
1660876.0
1660886.0
1660896.0
1660906.0
1660916.0
1660926.0
1660936.0
1660946.0
1660956.0
1660966.0
1660976.0
1660986.0
1660996.0
1661006.0
1661016.0
1661026.0
1661036.0
1661046.0
1661056.0
1661066.0
1661076.0
1661086.0
1661096.0
1661106.0
1661116.0
1661126.0
1661136.0
1661146.0
1661156.0
1661166.0
1661176.0
1661186.0
1812006.0
1812007.9579232465
1812016.0
1812017.9579232465
1812026.0
1812036.0
1812046.0
1812047.9579232465
1812056.0
1812057.9579232465
1812066.0
1812067.9579232465
1812076.0
1812077.9579232465
1812086.0
1812087.9579232465
1812096.0
1812097.9579232465
1812106.0
1812107.9579232465
1812116.0
1812117.9579232465
1812126.0
1812127.9579232465
1812136.0
1812146.0
1812147.9579232465
1812156.0
1812157.9579232465
1812166.0
1812167.9579232465
1812176.0
1812177.9579232465
1812186.0
1812187.9579232465
1812196.0
1812197.9579232465
1812206.0
1812207.9579232465
1812216.0
1812217.9579232465
1812226.0
1812227.9579232465
1812236.0
1812246.0
1812247.9579232465
1812256.0
1812257.9579232465
1812266.0
1812267.9579232465
1812276.0
1812277.9579232465
1812286.0
1812287.9579232465
1812296.0
1812306.0
1812307.9579232465
1812316.0
1812317.9579232465
1812326.0
1812336.0
1812337.9579232465
1812346.0
1812347.9579232465
1812356.0
1812357.9579232465
1812366.0
1812367.9579232465
1812376.0
1812386.0
1812396.0
1812406.0
1812416.0
1812426.0
1812436.0
1812446.0
1812456.0
1812466.0
1812476.0
1812477.6051764863
1812486.0
1812496.0
1812506.0
1812516.0
1812526.0
1812536.0
1812546.0
1812556.0
1812566.0
1812576.0
1812586.0
1812596.0
1812606.0
1812616.0
1812626.0
1812636.0
1812646.0
1812656.0
1812666.0
1812676.0
1812686.0
1812696.0
1812706.0
1812716.0
1812726.0
1812736.0
1812746.0
1812756.0
1812766.0
1812776.0
1812786.0
1812796.0
1812806.0
1812816.0
1812826.0
1812836.0
1812846.0
1812856.0
1812866.0
1812876.0
1812886.0
1812896.0
1812906.0
1812916.0
1812926.0
2144000.0253976113
2144006.0
2144010.0253976113
2144016.0
2144020.0253976113
2144026.0
2144030.0253976113
2144036.0
2144040.0253976113
2144046.0
2144050.0253976113
2144056.0
2144060.0253976113
2144066.0
2144070.0253976113
2144076.0
2144080.0253976113
2144086.0
2144096.0
2144100.0253976113
2144106.0
2144110.0253976113
2144116.0
2144120.0253976113
2144126.0
2144130.0253976113
2144136.0
2144140.0253976113
2144146.0
2144150.0253976113
2144156.0
2144160.0253976113
2144166.0
2144170.0253976113
2144176.0
2144180.0253976113
2144182.6389136687
2144186.0
2144190.0253976113
2144196.0
2144200.0253976113
2144206.0
2144210.0253976113
2144216.0
2144220.0253976113
2144226.0
2144236.0
2144240.0253976113
2144246.0
2144250.0253976113
2144256.0
2144260.0253976113
2144266.0
2144270.0253976113
2144276.0
2144280.0253976113
2144286.0
2144290.0253976113
2144296.0
2144306.0
2144310.0253976113
2144316.0
2144320.0253976113
2144326.0
2144330.0253976113
2144336.0
2144340.0253976113
2144346.0
2144350.0253976113
2144356.0
2144360.0253976113
2144366.0
2144370.0253976113
2144376.0
2144386.0
2144396.0
2144406.0
2144416.0
2144426.0
2144436.0
2144446.0
2144456.0
2144466.0
2144476.0
2144486.0
2144496.0
2144506.0
2144516.0
2144526.0
2144536.0
2144546.0
2144556.0
2144566.0
2144576.0
2144586.0
2144596.0
2144606.0
2144616.0
2144626.0
2144636.0
2144646.0
2144656.0
2144666.0
2144676.0
2144686.0
2144696.0
2144706.0
2144716.0
2144726.0
2144736.0
2144746.0
2312006.0
2312006.604148453
2312016.0
2312016.604148453
2312026.0
2312026.604148453
2312036.0
2312036.604148453
2312046.0
2312046.604148453
2312056.0
2312056.604148453
2312066.0
2312066.604148453
2312076.0
2312076.604148453
2312086.0
2312086.604148453
2312096.0
2312096.604148453
2312106.0
2312106.604148453
2312116.0
2312126.0
2312126.604148453
2312136.0
2312146.0
2312156.0
2312166.0
2312176.0
2312186.0
2312196.0
2312206.0
2312216.0
2312226.0
2312236.0
2312246.0
2312256.0
2312266.0
2312276.0
2312286.0
2312296.0
2312306.0
2312316.0
2312326.0
2312336.0
2312346.0
2312356.0
2312366.0
2312376.0
2312386.0
2312396.0
2312406.0
2312416.0
2312426.0
2312436.0
2312446.0
2312456.0
2312466.0
2312476.0
2312486.0
2312496.0
2312506.0
2312516.0
2312526.0
2312536.0
2312546.0
2312556.0
2312566.0
2312576.0
2312586.0
2312596.0
2312606.0
2312616.0
2312626.0
2312636.0
2312646.0
2312656.0
2312666.0
2312676.0
2312686.0
2312696.0
2312706.0
2312716.0
2312726.0
2312736.0
2312746.0
2312756.0
2312766.0
2312776.0
2312786.0
2312796.0
2312806.0
2726006.0
2726008.6152568515
2726016.0
2726018.6152568515
2726026.0
2726028.6152568515
2726036.0
2726038.6152568515
2726046.0
2726048.6152568515
2726056.0
2726058.6152568515
2726066.0
2726068.6152568515
2726076.0
2726078.6152568515
2726086.0
2726088.6152568515
2726096.0
2726098.6152568515
2726106.0
2726108.6152568515
2726116.0
2726118.6152568515
2726126.0
2726128.6152568515
2726136.0
2726138.6152568515
2726146.0
2726156.0
2726158.6152568515
2726166.0
2726168.6152568515
2726176.0
2726178.6152568515
2726186.0
2726188.6152568515
2726196.0
2726198.6152568515
2726206.0
2726208.6152568515
2726216.0
2726226.0
2726228.6152568515
2726236.0
2726238.6152568515
2726246.0
2726248.6152568515
2726256.0
2726266.0
2726276.0
2726286.0
2726296.0
2726306.0
2726316.0
2726326.0
2726336.0
2726346.0
2726356.0
2726366.0
2726376.0
2726386.0
2726396.0
2726406.0
2726416.0
2726426.0
2726436.0
2726446.0
2726456.0
2726466.0
2726476.0
2726486.0
2726496.0
2726506.0
2726516.0
2726526.0
2726536.0
2726546.0
2726556.0
2726566.0
2726576.0
2726586.0
2726596.0
2726606.0
2726616.0
2726626.0
2726636.0
2726646.0
2726656.0
2726666.0
2726676.0
2726686.0
2726696.0
2726706.0
2726716.0
2726726.0
2726736.0
2726746.0
2726756.0
2726766.0
2726776.0
2726786.0
2726796.0
2726806.0
2726816.0
2726826.0
2726836.0
2726846.0
2910006.0
2910009.1054761317
2910016.0
2910019.1054761317
2910026.0
2910036.0
2910039.1054761317
2910046.0
2910049.1054761317
2910056.0
2910059.1054761317
2910066.0
2910069.1054761317
2910076.0
2910079.1054761317
2910086.0
2910089.1054761317
2910096.0
2910099.1054761317
2910106.0
2910116.0
2910119.1054761317
2910126.0
2910129.1054761317
2910136.0
2910139.1054761317
2910146.0
2910149.1054761317
2910156.0
2910159.1054761317
2910166.0
2910176.0
2910179.1054761317
2910186.0
2910189.1054761317
2910196.0
2910199.1054761317
2910206.0
2910209.1054761317
2910216.0
2910226.0
2910229.1054761317
2910236.0
2910239.1054761317
2910246.0
2910249.1054761317
2910256.0
2910259.1054761317
2910266.0
2910269.1054761317
2910276.0
2910279.1054761317
2910286.0
2910289.1054761317
2910296.0
2910299.1054761317
2910306.0
2910309.1054761317
2910316.0
2910319.1054761317
2910326.0
2910329.1054761317
2910336.0
2910336.01741461
2910339.1054761317
2910346.0
2910349.1054761317
2910356.0
2910359.1054761317
2910366.0
2910369.1054761317
2910376.0
2910386.0
2910396.0
2910406.0
2910416.0
2910426.0
2910436.0
2910446.0
2910456.0
2910466.0
2910476.0
2910486.0
2910496.0
2910506.0
2910516.0
2910526.0
2910536.0
2910546.0
2910556.0
2910566.0
2910576.0
2910586.0
2910596.0
2910606.0
2910616.0
2910626.0
2910636.0
2910646.0
2910656.0
2910666.0
2910676.0
2910686.0
2910696.0
2910706.0
2910716.0
2910726.0
2910736.0
2910746.0
2910756.0
2910766.0
2910776.0
2910786.0
2910796.0
2910806.0
2910816.0
2910826.0
2910836.0
2910846.0
2910856.0
2910866.0
2910876.0
2204003.1867631385
2204003.1867708242
2204006.0
2204016.0
2204026.0
2204036.0
2204046.0
2204056.0
2204066.0
2204076.0
2204086.0
2204096.0
2204106.0
2204116.0
2204126.0
2204136.0
2204146.0
2204156.0
2204166.0
2204176.0
2204186.0
2204196.0
2204206.0
2204216.0
2204226.0
2204236.0
2204246.0
2204256.0
2204266.0
2204276.0
2204286.0
2204296.0
2204306.0
2204316.0
2204326.0
2204336.0
2204346.0
2204356.0
2204366.0
2204376.0
2204386.0
2204396.0
2204406.0
2204416.0
2204426.0
2204436.0
2204446.0
2204456.0
2204466.0
2204476.0
2204486.0
2204496.0
2204506.0
2204516.0
2204526.0
2204536.0
2204546.0
2204556.0
2204566.0
2204576.0
2204586.0
2204596.0
2204606.0
2204616.0
2204626.0
2204636.0
2204646.0
2204656.0
2204666.0
2204676.0
2204686.0
2204696.0
2204706.0
2204716.0
2204726.0
2204736.0
2204746.0
2204756.0
2204766.0
2204776.0
2204786.0
2204796.0
2204806.0
2204816.0
2204826.0
2204836.0
2204846.0
2204856.0
2204859.333629283
2204859.333636969
2204866.0
2204876.0
2204886.0
2204896.0
2204906.0
2204916.0
2204926.0
2204936.0
2204946.0
2204956.0
2204966.0
2204976.0
2204986.0
2204996.0
2205006.0
2205016.0
2205026.0
2453005.339316697
2453005.3393243826
2453006.0
2453015.339316697
2453015.3393243826
2453016.0
2453025.339316697
2453025.3393243826
2453026.0
2453035.339316697
2453035.3393243826
2453036.0
2453045.339316697
2453045.3393243826
2453046.0
2453056.0
2453066.0
2453075.339316697
2453075.3393243826
2453076.0
2453085.339316697
2453085.3393243826
2453086.0
2453095.339316697
2453095.3393243826
2453096.0
2453105.339316697
2453105.3393243826
2453106.0
2453115.339316697
2453115.3393243826
2453116.0
2453125.339316697
2453125.3393243826
2453126.0
2453136.0
2453146.0
2453156.0
2453166.0
2453176.0
2453186.0
2453196.0
2453206.0
2453216.0
2453226.0
2453236.0
2453246.0
2453256.0
2453266.0
2453276.0
2453286.0
2453296.0
2453306.0
2453316.0
2453326.0
2453336.0
2453346.0
2453356.0
2453366.0
2453376.0
2453386.0
2453396.0
2453406.0
2453416.0
2453426.0
2453436.0
2453446.0
2453456.0
2453466.0
2453476.0
2453486.0
2453496.0
2453506.0
2453516.0
2453526.0
2453536.0
2453546.0
2453556.0
2453566.0
2453576.0
2453586.0
2453596.0
2453606.0
2453616.0
2453626.0
2453636.0
2453646.0
2453656.0
2453666.0
2453676.0
2453686.0
2453696.0
2453698.4099060623
2453698.409913748
2453706.0
2453716.0
2453726.0
2453736.0
2453746.0
2453756.0
2453766.0
2453776.0
2453786.0
2453796.0
2453806.0
2453816.0
2453826.0
2453836.0
2453846.0
2453856.0
2453866.0
2453876.0
2453886.0
2453896.0
2453906.0
2453916.0
2453926.0
2453936.0
2453946.0
2453956.0
2453966.0
2453976.0
2453986.0
2453996.0
2454006.0
2454016.0
2454026.0
2454036.0
2454046.0
2454056.0
2454066.0
2454076.0
2454086.0
2454096.0
2454106.0
2454116.0
2454126.0
2454136.0
2454146.0
2454156.0
2454166.0
2454176.0
2454186.0
3439005.903243541
3439006.0
3439015.903243541
3439016.0
3439025.838142036
3439026.0
3439035.903243541
3439036.0
3439045.838142036
3439046.0
3439055.838142036
3439056.0
3439066.0
3439076.0
3439086.0
3439096.0
3439106.0
3439116.0
3439126.0
3439136.0
3439146.0
3439156.0
3439166.0
3439176.0
3439186.0
3439196.0
3439206.0
3439216.0
3439226.0
3439236.0
3439246.0
3439256.0
3439266.0
3439276.0
3439286.0
3439296.0
3439306.0
3439316.0
3439326.0
3439336.0
3439346.0
3439356.0
3439366.0
3439376.0
3439386.0
3439396.0
3439406.0
3439416.0
3439426.0
3439436.0
3439446.0
3439456.0
3439466.0
3439476.0
3439486.0
3439496.0
3439506.0
3439508.6649302985
3439516.0
3439526.0
3439536.0
3439546.0
3439556.0
3439566.0
3439576.0
3439586.0
3439596.0
3439606.0
3439616.0
3439626.0
3439636.0
3439646.0
3439656.0
3439666.0
3439676.0
3439686.0
3439696.0
3439706.0
3439716.0
3439726.0
