267003.69535104325
267003.69535911665
267006.0
267016.0
267026.0
267036.0
267046.0
267056.0
267066.0
267076.0
267086.0
267096.0
267106.0
267116.0
267126.0
267136.0
267146.0
267156.0
267166.0
267176.0
267186.0
267196.0
267206.0
267216.0
267226.0
267236.0
267246.0
267256.0
267266.0
267276.0
267286.0
267296.0
267306.0
267316.0
267326.0
267336.0
267346.0
267356.0
267366.0
267376.0
267386.0
267396.0
267406.0
267416.0
267426.0
267436.0
267446.0
267456.0
267466.0
267476.0
267486.0
267496.0
267506.0
267516.0
267526.0
267536.0
267546.0
267556.0
267566.0
267576.0
267586.0
267596.0
267606.0
267616.0
267626.0
267636.0
267646.0
267656.0
267666.0
267676.0
267686.0
267696.0
267706.0
267716.0
267726.0
267736.0
267746.0
267756.0
267766.0
267776.0
267786.0
267796.0
267806.0
267816.0
267826.0
267836.0
267846.0
267856.0
267866.0
267876.0
267886.0
267896.0
267906.0
267916.0
267926.0
267936.0
267946.0
267956.0
267966.0
267976.0
267986.0
267996.0
268006.0
268016.0
268026.0
268036.0
403000.6135435888
403000.6135516622
403006.0
403006.41630713036
403006.41631520377
403016.0
403016.4452067965
403016.4452148699
403019.6475506111
403019.6475586845
403026.0
403036.0
403046.0
403046.5370827382
403046.5370908116
403048.1828563348
403048.1828644082
403056.0
403066.0
403076.0
403086.0
403086.416339424
403086.4163474974
403096.0
403097.1186963035
403097.1187043769
403097.1187124503
403097.1187205237
403098.7167854436
403098.716793517
403106.0
403107.88415503607
403107.88416310947
403116.0
403126.0
403136.0
403136.95337372174
403136.95338179515
403136.95338986855
403136.95339794195
403146.0
403156.0
403166.0
403176.0
403186.0
403196.0
403206.0
403216.0
403226.0
403236.0
403246.0
403256.0
403266.0
403276.0
403286.0
403296.0
403306.0
403316.0
403326.0
403336.0
403346.0
403356.0
403366.0
403376.0
403386.0
403396.0
403406.0
403416.0
403426.0
403436.0
403446.0
403456.0
403466.0
403476.0
403486.0
403496.0
403506.0
403516.0
403526.0
403536.0
403546.0
403556.0
403566.0
403576.0
403586.0
403596.0
403606.0
403616.0
403626.0
403636.0
403646.0
403656.0
403666.0
403676.0
403686.0
403696.0
403706.0
403716.0
403726.0
403736.0
403746.0
403756.0
403766.0
403776.0
403786.0
403796.0
403806.0
403816.0
403826.0
403836.0
403846.0
403856.0
403866.0
403876.0
403886.0
403896.0
403906.0
403916.0
403926.0
403936.0
403946.0
403956.0
403966.0
403976.0
403986.0
403996.0
404006.0
404016.0
404026.0
404036.0
404046.0
404056.0
404066.0
528004.8677747261
528004.8677827995
528006.0
528014.8677747261
528014.8677827995
528016.0
528024.8677747261
528024.8677827995
528026.0
528034.8677747261
528034.8677827995
528036.0
528044.8677747261
528044.8677827995
528046.0
528054.8677747261
528054.8677827995
528056.0
528066.0
528074.8677747261
528074.8677827995
528076.0
528084.8677747261
528084.8677827995
528086.0
528094.8677747261
528094.8677827995
528096.0
528104.8677747261
528104.8677827995
528106.0
528114.8677747261
528114.8677827995
528116.0
528124.8677747261
528124.8677827995
528126.0
528136.0
528146.0
528156.0
528166.0
528176.0
528186.0
528196.0
528206.0
528216.0
528226.0
528236.0
528246.0
528256.0
528266.0
528276.0
528286.0
528296.0
528306.0
528316.0
528326.0
528336.0
528346.0
528356.0
528366.0
528376.0
528386.0
528396.0
528406.0
528416.0
528426.0
528436.0
528446.0
528456.0
528466.0
528476.0
528486.0
528496.0
528506.0
528516.0
528526.0
528536.0
528546.0
528556.0
528566.0
528576.0
528586.0
528596.0
528606.0
528616.0
528626.0
528636.0
528646.0
528656.0
528666.0
528676.0
528686.0
528696.0
528706.0
528716.0
528726.0
528736.0
528746.0
528756.0
528766.0
528776.0
528786.0
528796.0
528806.0
528816.0
528826.0
528836.0
528846.0
528856.0
528866.0
906006.0
906008.7852349052
906008.7852427037
906016.0
906020.4536064533
906026.0
906036.0
906046.0
906048.0878323078
906056.0
906058.0878323078
906066.0
906068.0878323078
906076.0
906086.0
906088.0878323078
906096.0
906098.0878323078
906099.0787897435
906106.0
906116.0
906118.0878323078
906126.0
906128.0878323078
906128.4865336065
906136.0
906146.0
906148.0878323078
906156.0
906158.0878323078
906166.0
906168.0878323078
906176.0
906186.0
906188.0878323078
906196.0
906198.0878323078
906206.0
906208.0878323078
906216.0
906218.0878323078
906226.0
906228.0878323078
906236.0
906238.0878323078
906246.0
906256.0
906266.0
906267.2813871461
906276.0
906286.0
906296.0
906306.0
906316.0
906326.0
906336.0
906346.0
906356.0
906366.0
906376.0
906386.0
906396.0
906406.0
906416.0
906426.0
906436.0
906446.0
906456.0
906466.0
906476.0
906486.0
906496.0
906506.0
906516.0
906526.0
906536.0
906546.0
906556.0
906566.0
906576.0
906586.0
906596.0
906606.0
906616.0
906626.0
906636.0
906646.0
906656.0
906666.0
906676.0
906686.0
906696.0
906706.0
906716.0
906726.0
906736.0
906746.0
906756.0
906766.0
906776.0
906786.0
906796.0
906806.0
906816.0
906826.0
906836.0
906846.0
906856.0
906866.0
906876.0
906886.0
906896.0
906906.0
906916.0
906926.0
906936.0
906946.0
906956.0
906966.0
906976.0
906986.0
906996.0
907006.0
1136006.0
1136009.2452921518
1136016.0
1136019.2452921518
1136026.0
1136036.0
1136039.2452921518
1136046.0
1136056.0
1136066.0
1136069.2452921518
1136076.0
1136079.2452921518
1136086.0
1136089.2452921518
1136096.0
1136099.5439934505
1136106.0
1136116.0
1136118.846590853
1136126.0
1136128.846590853
1136136.0
1136138.846590853
1136146.0
1136148.846590853
1136156.0
1136158.846590853
1136166.0
1136168.846590853
1136176.0
1136179.2452921518
1136186.0
1136189.2452921518
1136196.0
1136199.2452921518
1136206.0
1136209.2452921518
1136216.0
1136219.2452921518
1136226.0
1136229.2452921518
1136236.0
1136246.0
1136256.0
1136266.0
1136276.0
1136286.0
1136296.0
1136306.0
1136316.0
1136326.0
1136336.0
1136346.0
1136356.0
1136366.0
1136376.0
1136386.0
1136396.0
1136406.0
1136416.0
1136426.0
1136436.0
1136446.0
1136456.0
1136466.0
1136476.0
1136486.0
1136496.0
1136506.0
1136516.0
1136526.0
1136536.0
1136546.0
1136556.0
1136566.0
1136576.0
1136586.0
1136596.0
1136606.0
1136616.0
1136626.0
1136636.0
1136646.0
1136656.0
1136666.0
1136676.0
1136686.0
1136696.0
1136706.0
1136716.0
1136726.0
1136736.0
1136746.0
1136756.0
1136766.0
1136776.0
1530003.980903346
1530006.0
1530013.980903346
1530016.0
1530023.980903346
1530026.0
1530033.980903346
1530036.0
1530043.980903346
1530046.0
1530053.980903346
1530056.0
1530063.980903346
1530066.0
1530073.980903346
1530076.0
1530083.980903346
1530086.0
1530096.0
1530103.980903346
1530106.0
1530116.0
1530123.980903346
1530126.0
1530136.0
1530146.0
1530156.0
1530166.0
1530176.0
1530186.0
1530196.0
1530206.0
1530216.0
1530226.0
1530236.0
1530246.0
1530256.0
1530266.0
1530276.0
1530286.0
1530296.0
1530306.0
1530316.0
1530326.0
1530336.0
1530346.0
1530356.0
1530366.0
1530376.0
1530386.0
1530396.0
1530406.0
1530416.0
1530426.0
1530436.0
1530446.0
1530456.0
1530466.0
1530476.0
1530486.0
1530496.0
1530506.0
1530516.0
1530526.0
1530536.0
1530546.0
1530556.0
1530566.0
1530576.0
1530586.0
1530596.0
1530606.0
1530616.0
1530626.0
1530636.0
1530646.0
1530656.0
1530666.0
1530676.0
1530686.0
1530696.0
1580006.0
1580006.477515895
1580016.0
1580016.477515895
1580026.0
1580026.477515895
1580036.0
1580036.477515895
1580046.0
1580046.477515895
1580056.0
1580056.477515895
1580066.0
1580066.477515895
1580076.0
1580076.477515895
1580086.0
1580096.0
1580096.477515895
1580106.0
1580106.477515895
1580116.0
1580126.0
1580126.477515895
1580136.0
1580136.477515895
1580146.0
1580156.0
1580156.477515895
1580166.0
1580166.477515895
1580176.0
1580176.477515895
1580186.0
1580186.477515895
1580196.0
1580196.477515895
1580206.0
1580216.0
1580216.477515895
1580226.0
1580226.477515895
1580236.0
1580236.477515895
1580246.0
1580246.477515895
1580256.0
1580266.0
1580276.0
1580286.0
1580296.0
1580306.0
1580316.0
1580326.0
1580336.0
1580346.0
1580356.0
1580366.0
1580376.0
1580386.0
1580396.0
1580406.0
1580416.0
1580426.0
1580436.0
1580446.0
1580456.0
1580466.0
1580476.0
1580486.0
1580496.0
1580506.0
1580516.0
1580526.0
1580536.0
1580546.0
1580556.0
1580566.0
1580576.0
1580586.0
1580596.0
1580606.0
1580616.0
1580626.0
1580636.0
1580646.0
1580656.0
1580666.0
1580676.0
1580686.0
1580696.0
1580706.0
1580707.7930066774
1580716.0
1692006.0
1692006.9873120375
1692016.0
1692016.9873120375
1692026.0
1692026.9873120375
1692036.0
1692036.9873120375
1692046.0
1692056.0
1692056.9873120375
1692066.0
1692066.9873120375
1692076.0
1692076.9873120375
1692086.0
1692086.9873120375
1692096.0
1692096.9873120375
1692106.0
1692116.0
1692116.9873120375
1692126.0
1692126.9873120375
1692136.0
1692136.9873120375
1692146.0
1692146.9873120375
1692156.0
1692166.0
1692166.9873120375
1692176.0
1692176.9873120375
1692186.0
1692186.9873120375
1692196.0
1692206.0
1692206.9873120375
1692216.0
1692216.9873120375
1692226.0
1692226.9873120375
1692236.0
1692236.9873120375
1692246.0
1692246.9873120375
1692256.0
1692266.0
1692276.0
1692286.0
1692296.0
1692306.0
1692316.0
1692326.0
1692336.0
1692346.0
1692356.0
1692366.0
1692376.0
1692386.0
1692396.0
1692406.0
1692416.0
1692426.0
1692436.0
1692446.0
1692456.0
1692466.0
1692476.0
1692486.0
1692496.0
1692506.0
1692516.0
1692526.0
1692536.0
1692546.0
1692556.0
1692566.0
1692576.0
1692586.0
1692596.0
1692606.0
1692616.0
1692626.0
1692636.0
1692646.0
1692656.0
1692666.0
1692676.0
1692686.0
1692696.0
1692706.0
1692716.0
1692726.0
1692736.0
1692746.0
1692756.0
1692766.0
1692776.0
1692786.0
1692796.0
1692806.0
1692816.0
1692826.0
1692836.0
1692846.0
1692856.0
1692866.0
1692876.0
1692886.0
1692896.0
1692902.0479047487
1692906.0
1692916.0
1692926.0
1692936.0
1692946.0
1692956.0
1692966.0
1692976.0
1692986.0
1692996.0
1693006.0
1693016.0
1693026.0
1693036.0
1693046.0
1693056.0
1693066.0
1693076.0
1693086.0
1693096.0
1693106.0
1693116.0
1693126.0
1693136.0
1693146.0
1821006.0
1821006.5897900648
1821016.0
1821016.5897900648
1821026.0
1821036.0
1821036.5897900648
1821046.0
1821046.5897900648
1821056.0
1821056.5897900648
1821066.0
1821066.5897900648
1821076.0
1821076.5897900648
1821086.0
1821086.5897900648
1821096.0
1821106.0
1821106.5897900648
1821116.0
1821126.0
1821126.5897900648
1821136.0
1821146.0
1821156.0
1821166.0
1821176.0
1821186.0
1821196.0
1821206.0
1821216.0
1821226.0
1821236.0
1821246.0
1821256.0
1821266.0
1821276.0
1821286.0
1821296.0
1821306.0
1821316.0
1821326.0
1821336.0
1821346.0
1821356.0
1821366.0
1821376.0
1821386.0
1821396.0
1821406.0
1821416.0
1821426.0
1821436.0
1821446.0
1821456.0
1821466.0
1821476.0
1821486.0
1821496.0
1821506.0
1821516.0
1821526.0
1821536.0
1821546.0
1821556.0
1821566.0
1821576.0
1821586.0
1821596.0
1821606.0
1821616.0
1821626.0
1821636.0
1821646.0
1821656.0
1821666.0
1821676.0
1821686.0
1821696.0
1821706.0
1821716.0
1821726.0
1821736.0
1821746.0
1821756.0
1821766.0
1821776.0
1821786.0
1821796.0
1821806.0
1821816.0
1821826.0
1821836.0
1821846.0
1821856.0
1821866.0
1821876.0
1821886.0
1821896.0
1821906.0
1821916.0
1821926.0
1821936.0
1821946.0
1821956.0
1821966.0
2044006.0
2044009.224159103
2044016.0
2044019.224159103
2044026.0
2044036.0
2044039.224159103
2044046.0
2044049.224159103
2044056.0
2044059.224159103
2044065.954893015
2044066.0
2044069.224159103
2044076.0
2044086.0
2044089.224159103
2044096.0
2044099.224159103
2044106.0
2044109.224159103
2044116.0
2044119.224159103
2044126.0
2044129.224159103
2044136.0
2044139.224159103
2044146.0
2044149.224159103
2044156.0
2044159.224159103
2044166.0
2044169.224159103
2044176.0
2044186.0
2044189.224159103
2044196.0
2044199.224159103
2044206.0
2044209.224159103
2044216.0
2044219.224159103
2044226.0
2044229.224159103
2044236.0
2044239.224159103
2044246.0
2044256.0
2044259.224159103
2044266.0
2044276.0
2044279.224159103
2044286.0
2044289.224159103
2044296.0
2044299.224159103
2044306.0
2044309.224159103
2044316.0
2044319.224159103
2044326.0
2044329.224159103
2044336.0
2044339.224159103
2044346.0
2044349.224159103
2044356.0
2044359.224159103
2044366.0
2044369.224159103
2044376.0
2044386.0
2044396.0
2044406.0
2044416.0
2044426.0
2044436.0
2044446.0
2044456.0
2044466.0
2044476.0
2044486.0
2044496.0
2044506.0
2044516.0
2044526.0
2044536.0
2044546.0
2044556.0
2044566.0
2044576.0
2044586.0
2044596.0
2044606.0
2044616.0
2044626.0
2044636.0
2044646.0
2044656.0
2044666.0
2044676.0
2044686.0
2044696.0
2044706.0
2044716.0
2044726.0
2044736.0
2044746.0
2044756.0
2044766.0
2044776.0
2044786.0
2044796.0
2044806.0
2044816.0
2044826.0
2044836.0
2044846.0
2044856.0
2044866.0
2044876.0
2044886.0
2044896.0
2044906.0
2044916.0
2044926.0
2044936.0
2044946.0
2044956.0
2044966.0
2044976.0
2454003.6347727766
2454006.0
2454013.6347727766
2454016.0
2454023.6347727766
2454026.0
2454033.6347727766
2454036.0
2454043.6347727766
2454046.0
2454056.0
2454063.6347727766
2454066.0
2454073.6347727766
2454076.0
2454083.6347727766
2454086.0
2454093.6347727766
2454096.0
2454103.6347727766
2454106.0
2454113.6347727766
2454116.0
2454123.6347727766
2454126.0
2454136.0
2454146.0
2454156.0
2454166.0
2454176.0
2454186.0
2454196.0
2454206.0
2454216.0
2454226.0
2454236.0
2454246.0
2454256.0
2454266.0
2454276.0
2454286.0
2454296.0
2454306.0
2454316.0
2454326.0
2454336.0
2454346.0
2454356.0
2454366.0
2454376.0
2454386.0
2454396.0
2454406.0
2454416.0
2454426.0
2454436.0
2454446.0
2454456.0
2454466.0
2454476.0
2454486.0
2454496.0
2454506.0
2454516.0
2454526.0
2454536.0
2454546.0
2454556.0
2454566.0
2454576.0
2454586.0
2454596.0
2454606.0
2454616.0
2454626.0
2454636.0
2454646.0
2454656.0
2454666.0
2454676.0
2454686.0
2454696.0
2454706.0
2454716.0
2454726.0
2454736.0
2454746.0
2454756.0
2454766.0
2454776.0
2454786.0
2454796.0
2454806.0
2454816.0
2454826.0
2454836.0
2454846.0
2454856.0
2454866.0
2454876.0
2454886.0
2454896.0
2454906.0
2454916.0
2454926.0
2454936.0
2454946.0
2454956.0
2454966.0
2454976.0
2454986.0
2454996.0
2455006.0
2455016.0
2455026.0
2455036.0
2455043.745708542
2455046.0
2455056.0
2455066.0
2455076.0
2455086.0
2455096.0
2455106.0
2455116.0
2455126.0
2455136.0
2455146.0
2455156.0
2455166.0
2455176.0
267006.0
267016.0
267026.0
267036.0
267046.0
267056.0
267066.0
267076.0
267086.0
267096.0
267106.0
267116.0
267126.0
267136.0
267146.0
267156.0
267166.0
267176.0
267186.0
267196.0
267206.0
267216.0
267226.0
267236.0
267246.0
267256.0
267266.0
267276.0
267286.0
267296.0
267306.0
267316.0
267326.0
267336.0
267346.0
267356.0
267366.0
267376.0
267386.0
267396.0
267406.0
267416.0
267426.0
267436.0
267446.0
267456.0
267466.0
267476.0
267486.0
267496.0
267506.0
267516.0
267526.0
267536.0
267546.0
267556.0
267566.0
267576.0
267586.0
267596.0
267606.0
267616.0
267626.0
267636.0
267646.0
267656.0
267666.0
267676.0
267686.0
267696.0
267706.0
267716.0
267726.0
267736.0
267746.0
267756.0
267766.0
267776.0
267786.0
267796.0
267806.0
267816.0
267826.0
267836.0
267846.0
267856.0
267866.0
267876.0
267886.0
267896.0
267906.0
267916.0
267926.0
267936.0
267946.0
267956.0
267966.0
267976.0
267986.0
267996.0
268006.0
268016.0
268026.0
268036.0
403006.0
403007.88415503607
403007.88416310947
403016.0
403019.6475506111
403019.6475586845
403026.0
403036.0
403036.5370665914
403036.5370746648
403037.88415503607
403037.88416310947
403046.0
403053.1743417612
403053.1743498346
403056.0
403065.78232542565
403065.78233349905
403066.0
403069.8254924488
403069.8255005222
403076.0
403086.0
403096.0
403097.9071675195
403097.9071755929
403097.9071836663
403097.9071917397
403099.5052405128
403099.5052485862
403106.0
403116.0
403116.5370665914
403116.5370746648
403126.0
403126.70238917315
403126.70239724655
403128.30046216643
403128.30047023983
403136.0
403146.0
403156.0
403166.0
403176.0
403186.0
403196.0
403206.0
403216.0
403226.0
403236.0
403246.0
403256.0
403266.0
403276.0
403286.0
403296.0
403306.0
403316.0
403326.0
403336.0
403346.0
403356.0
403366.0
403376.0
403386.0
403396.0
403406.0
403416.0
403426.0
403436.0
403446.0
403456.0
403466.0
403476.0
403486.0
403496.0
403506.0
403516.0
403526.0
403536.0
403546.0
403556.0
403566.0
403576.0
403586.0
403596.0
403606.0
403616.0
403626.0
403636.0
403646.0
403656.0
403666.0
403676.0
403686.0
403696.0
403706.0
403716.0
403726.0
403736.0
403746.0
403756.0
403766.0
403776.0
403786.0
403796.0
403806.0
403816.0
403826.0
403836.0
403846.0
403856.0
403866.0
403876.0
403886.0
403896.0
403906.0
403916.0
403926.0
403936.0
403946.0
403956.0
403966.0
403976.0
403986.0
403996.0
404006.0
404016.0
404026.0
404036.0
404046.0
404056.0
404066.0
528004.8677747261
528004.8677827995
528006.0
528014.8677747261
528014.8677827995
528016.0
528024.8677747261
528024.8677827995
528026.0
528034.8677747261
528034.8677827995
528036.0
528044.8677747261
528044.8677827995
528046.0
528054.8677747261
528054.8677827995
528056.0
528065.4651773234
528065.4651853968
528066.0
528076.0
528084.4690734274
528084.4690815008
528085.4651773234
528085.4651853968
528085.4651934702
528085.4652015436
528085.465209617
528085.4652176904
528086.0
528096.0
528104.8677747261
528104.8677827995
528106.0
528116.0
528124.8677747261
528124.8677827995
528126.0
528136.0
528146.0
528156.0
528166.0
528176.0
528186.0
528196.0
528206.0
528216.0
528226.0
528236.0
528246.0
528256.0
528266.0
528276.0
528286.0
528296.0
528306.0
528316.0
528326.0
528336.0
528346.0
528356.0
528366.0
528376.0
528386.0
528396.0
528406.0
528416.0
528426.0
528436.0
528446.0
528456.0
528466.0
528476.0
528486.0
528496.0
528506.0
528516.0
528526.0
528536.0
528546.0
528556.0
528566.0
528576.0
528586.0
528596.0
528606.0
528616.0
528626.0
528636.0
528646.0
528656.0
528666.0
528676.0
528686.0
528696.0
528706.0
528716.0
528726.0
528736.0
528746.0
528756.0
528766.0
528776.0
528786.0
528796.0
528806.0
528816.0
528826.0
528836.0
528846.0
528856.0
528866.0
906006.0
906008.4865336065
906016.0
906020.4536064533
906026.0
906028.4865336065
906036.0
906038.4865336065
906046.0
906048.4865336065
906056.0
906058.4865336065
906066.0
906068.4865336065
906076.0
906078.4865336065
906086.0
906088.4865336065
906096.0
906099.0787897435
906106.0
906108.4865336065
906116.0
906118.4865336065
906126.0
906128.4865336065
906136.0
906138.4865336065
906146.0
906148.4865336065
906156.0
906158.4865336065
906166.0
906170.852307752
906176.0
906178.4865336065
906186.0
906190.852307752
906196.0
906198.4865336065
906206.0
906208.4865336065
906216.0
906218.4865336065
906226.0
906228.4865336065
906236.0
906246.0
906248.4865336065
906256.0
906266.0
906267.2813871461
906276.0
906286.0
906296.0
906306.0
906316.0
906326.0
906336.0
906346.0
906356.0
906366.0
906376.0
906386.0
906396.0
906406.0
906416.0
906426.0
906436.0
906446.0
906456.0
906466.0
906476.0
906486.0
906496.0
906506.0
906516.0
906526.0
906536.0
906546.0
906556.0
906566.0
906576.0
906586.0
906596.0
906606.0
906616.0
906626.0
906636.0
906646.0
906656.0
906666.0
906676.0
906686.0
906696.0
906706.0
906716.0
906726.0
906736.0
906746.0
906756.0
906766.0
906776.0
906786.0
906796.0
906806.0
906816.0
906826.0
906836.0
906846.0
906856.0
906866.0
906876.0
906886.0
906896.0
906906.0
906916.0
906926.0
906936.0
906946.0
906956.0
906966.0
906976.0
906986.0
906996.0
907006.0
1136006.0
1136009.2452921518
1136016.0
1136019.2452921518
1136026.0
1136029.2452921518
1136036.0
1136039.2452921518
1136046.0
1136049.2452921518
1136056.0
1136059.2452921518
1136066.0
1136069.2452921518
1136076.0
1136079.2452921518
1136086.0
1136089.2452921518
1136096.0
1136099.5439934505
1136106.0
1136116.0
1136118.846590853
1136126.0
1136128.846590853
1136136.0
1136138.846590853
1136146.0
1136148.846590853
1136149.8426947491
1136149.8427025478
1136149.8427103464
1136156.0
1136160.4400973467
1136160.4401051453
1136160.440112944
1136160.4401207427
1136160.4401285413
1136166.0
1136176.0
1136179.2452921518
1136186.0
1136189.2452921518
1136196.0
1136199.2452921518
1136206.0
1136209.2452921518
1136216.0
1136226.0
1136229.2452921518
1136236.0
1136246.0
1136249.2452921518
1136256.0
1136266.0
1136276.0
1136286.0
1136296.0
1136306.0
1136316.0
1136326.0
1136336.0
1136346.0
1136356.0
1136366.0
1136376.0
1136386.0
1136396.0
1136406.0
1136416.0
1136426.0
1136436.0
1136446.0
1136456.0
1136466.0
1136476.0
1136486.0
1136496.0
1136506.0
1136516.0
1136526.0
1136536.0
1136546.0
1136556.0
1136566.0
1136576.0
1136586.0
1136596.0
1136606.0
1136616.0
1136626.0
1136636.0
1136646.0
1136656.0
1136666.0
1136676.0
1136686.0
1136696.0
1136706.0
1136716.0
1136726.0
1136736.0
1136746.0
1136756.0
1136766.0
1136776.0
1530003.980903346
1530006.0
1530016.0
1530023.980903346
1530026.0
1530033.980903346
1530036.0
1530043.980903346
1530046.0
1530053.980903346
1530056.0
1530063.980903346
1530066.0
1530073.980903346
1530076.0
1530083.980903346
1530086.0
1530096.0
1530103.980903346
1530106.0
1530113.980903346
1530116.0
1530123.980903346
1530126.0
1530136.0
1530146.0
1530156.0
1530166.0
1530176.0
1530186.0
1530196.0
1530206.0
1530216.0
1530226.0
1530236.0
1530246.0
1530256.0
1530266.0
1530276.0
1530286.0
1530296.0
1530306.0
1530316.0
1530326.0
1530336.0
1530346.0
1530356.0
1530366.0
1530376.0
1530386.0
1530396.0
1530406.0
1530416.0
1530426.0
1530436.0
1530446.0
1530456.0
1530466.0
1530476.0
1530486.0
1530496.0
1530506.0
1530516.0
1530526.0
1530536.0
1530546.0
1530556.0
1530566.0
1530576.0
1530586.0
1530596.0
1530606.0
1530616.0
1530626.0
1530636.0
1530646.0
1530656.0
1530666.0
1530676.0
1530686.0
1530696.0
1580006.0
1580006.477515895
1580016.0
1580016.477515895
1580026.0
1580036.0
1580036.477515895
1580046.0
1580046.477515895
1580056.0
1580066.0
1580066.477515895
1580076.0
1580076.477515895
1580086.0
1580086.477515895
1580096.0
1580096.477515895
1580106.0
1580106.477515895
1580116.0
1580116.477515895
1580126.0
1580126.477515895
1580136.0
1580136.477515895
1580146.0
1580146.477515895
1580156.0
1580156.477515895
1580166.0
1580166.477515895
1580176.0
1580186.0
1580186.477515895
1580196.0
1580196.477515895
1580206.0
1580206.477515895
1580216.0
1580216.477515895
1580226.0
1580226.477515895
1580236.0
1580236.477515895
1580246.0
1580246.477515895
1580256.0
1580266.0
1580276.0
1580286.0
1580296.0
1580306.0
1580316.0
1580326.0
1580336.0
1580346.0
1580356.0
1580366.0
1580376.0
1580386.0
1580396.0
1580406.0
1580416.0
1580426.0
1580436.0
1580446.0
1580456.0
1580466.0
1580476.0
1580486.0
1580496.0
1580506.0
1580516.0
1580526.0
1580536.0
1580546.0
1580556.0
1580566.0
1580576.0
1580586.0
1580596.0
1580606.0
1580616.0
1580626.0
1580636.0
1580646.0
1580656.0
1580666.0
1580676.0
1580686.0
1580696.0
1580706.0
1580707.7930066774
1580716.0
1692006.0
1692006.9873120375
1692016.0
1692016.9873120375
1692026.0
1692036.0
1692036.9873120375
1692046.0
1692046.9873120375
1692056.0
1692066.0
1692066.9873120375
1692076.0
1692076.9873120375
1692086.0
1692086.9873120375
1692096.0
1692096.9873120375
1692106.0
1692106.9873120375
1692116.0
1692116.9873120375
1692126.0
1692126.9873120375
1692136.0
1692136.9873120375
1692146.0
1692146.9873120375
1692156.0
1692156.9873120375
1692166.0
1692166.9873120375
1692176.0
1692176.9873120375
1692186.0
1692186.9873120375
1692196.0
1692196.9873120375
1692206.0
1692206.9873120375
1692216.0
1692216.9873120375
1692226.0
1692226.9873120375
1692236.0
1692246.0
1692246.9873120375
1692256.0
1692266.0
1692276.0
1692286.0
1692296.0
1692306.0
1692316.0
1692326.0
1692336.0
1692346.0
1692356.0
1692366.0
1692376.0
1692386.0
1692396.0
1692406.0
1692416.0
1692426.0
1692436.0
1692446.0
1692456.0
1692466.0
1692476.0
1692486.0
1692496.0
1692506.0
1692516.0
1692526.0
1692536.0
1692546.0
1692556.0
1692566.0
1692576.0
1692586.0
1692596.0
1692606.0
1692616.0
1692626.0
1692636.0
1692646.0
1692656.0
1692666.0
1692676.0
1692686.0
1692696.0
1692706.0
1692716.0
1692726.0
1692736.0
1692746.0
1692756.0
1692766.0
1692776.0
1692786.0
1692796.0
1692806.0
1692816.0
1692826.0
1692836.0
1692846.0
1692856.0
1692866.0
1692876.0
1692886.0
1692896.0
1692902.0479047487
1692906.0
1692916.0
1692926.0
1692936.0
1692946.0
1692956.0
1692966.0
1692976.0
1692986.0
1692996.0
1693006.0
1693016.0
1693026.0
1693036.0
1693046.0
1693056.0
1693066.0
1693076.0
1693086.0
1693096.0
1693106.0
1693116.0
1693126.0
1693136.0
1693146.0
1821006.0
1821006.5897900648
1821016.0
1821016.5897900648
1821026.0
1821026.5897900648
1821036.0
1821036.5897900648
1821046.0
1821046.5897900648
1821056.0
1821056.5897900648
1821066.0
1821066.5897900648
1821076.0
1821076.5897900648
1821086.0
1821086.5897900648
1821096.0
1821096.5897900648
1821106.0
1821106.5897900648
1821116.0
1821116.5897900648
1821126.0
1821126.5897900648
1821136.0
1821146.0
1821156.0
1821166.0
1821176.0
1821186.0
1821196.0
1821206.0
1821216.0
1821226.0
1821236.0
1821246.0
1821256.0
1821266.0
1821276.0
1821286.0
1821296.0
1821306.0
1821316.0
1821326.0
1821336.0
1821346.0
1821356.0
1821366.0
1821376.0
1821386.0
1821396.0
1821406.0
1821416.0
1821426.0
1821436.0
1821446.0
1821456.0
1821466.0
1821476.0
1821486.0
1821496.0
1821506.0
1821516.0
1821526.0
1821536.0
1821546.0
1821556.0
1821566.0
1821576.0
1821586.0
1821596.0
1821606.0
1821616.0
1821626.0
1821636.0
1821646.0
1821656.0
1821666.0
1821676.0
1821686.0
1821696.0
1821706.0
1821716.0
1821726.0
1821736.0
1821746.0
1821756.0
1821766.0
1821776.0
1821786.0
1821796.0
1821806.0
1821816.0
1821826.0
1821836.0
1821846.0
1821856.0
1821866.0
1821876.0
1821886.0
1821896.0
1821906.0
1821916.0
1821926.0
1821936.0
1821946.0
1821956.0
1821966.0
2044006.0
2044009.224159103
2044016.0
2044019.224159103
2044026.0
2044029.224159103
2044036.0
2044039.224159103
2044046.0
2044049.224159103
2044056.0
2044059.224159103
2044065.954893015
2044066.0
2044069.224159103
2044076.0
2044079.224159103
2044086.0
2044089.224159103
2044096.0
2044099.224159103
2044106.0
2044109.224159103
2044116.0
2044119.224159103
2044126.0
2044129.224159103
2044136.0
2044139.224159103
2044146.0
2044149.224159103
2044156.0
2044159.224159103
2044166.0
2044169.224159103
2044176.0
2044179.224159103
2044186.0
2044189.224159103
2044196.0
2044199.224159103
2044206.0
2044209.224159103
2044216.0
2044219.224159103
2044226.0
2044229.224159103
2044236.0
2044239.224159103
2044246.0
2044249.224159103
2044256.0
2044259.224159103
2044266.0
2044269.224159103
2044276.0
2044279.224159103
2044286.0
2044289.224159103
2044296.0
2044299.224159103
2044306.0
2044309.224159103
2044316.0
2044326.0
2044329.224159103
2044336.0
2044339.224159103
2044346.0
2044349.224159103
2044356.0
2044359.224159103
2044366.0
2044369.224159103
2044376.0
2044386.0
2044396.0
2044406.0
2044416.0
2044426.0
2044436.0
2044446.0
2044456.0
2044466.0
2044476.0
2044486.0
2044496.0
2044506.0
2044516.0
2044526.0
2044536.0
2044546.0
2044556.0
2044566.0
2044576.0
2044586.0
2044596.0
2044606.0
2044616.0
2044626.0
2044636.0
2044646.0
2044656.0
2044666.0
2044676.0
2044686.0
2044696.0
2044706.0
2044716.0
2044726.0
2044736.0
2044746.0
2044756.0
2044766.0
2044776.0
2044786.0
2044796.0
2044806.0
2044816.0
2044826.0
2044836.0
2044846.0
2044856.0
2044866.0
2044876.0
2044886.0
2044896.0
2044906.0
2044916.0
2044926.0
2044936.0
2044946.0
2044956.0
2044966.0
2044976.0
2454003.6347727766
2454006.0
2454013.6347727766
2454016.0
2454023.6347727766
2454026.0
2454033.6347727766
2454036.0
2454043.6347727766
2454046.0
2454053.6347727766
2454056.0
2454063.6347727766
2454066.0
2454073.6347727766
2454076.0
2454083.6347727766
2454086.0
2454093.6347727766
2454096.0
2454103.6347727766
2454106.0
2454113.6347727766
2454116.0
2454123.6347727766
2454126.0
2454136.0
2454146.0
2454156.0
2454166.0
2454176.0
2454186.0
2454196.0
2454206.0
2454216.0
2454226.0
2454236.0
2454246.0
2454256.0
2454266.0
2454276.0
2454286.0
2454296.0
2454306.0
2454316.0
2454326.0
2454336.0
2454346.0
2454356.0
2454366.0
2454376.0
2454386.0
2454396.0
2454406.0
2454416.0
2454426.0
2454436.0
2454446.0
2454456.0
2454466.0
2454476.0
2454486.0
2454496.0
2454506.0
2454516.0
2454526.0
2454536.0
2454546.0
2454556.0
2454566.0
2454576.0
2454586.0
2454596.0
2454606.0
2454616.0
2454626.0
2454636.0
2454646.0
2454656.0
2454666.0
2454676.0
2454686.0
2454696.0
2454706.0
2454716.0
2454726.0
2454736.0
2454746.0
2454756.0
2454766.0
2454776.0
2454786.0
2454796.0
2454806.0
2454816.0
2454826.0
2454836.0
2454846.0
2454856.0
2454866.0
2454876.0
2454886.0
2454896.0
2454906.0
2454916.0
2454926.0
2454936.0
2454946.0
2454956.0
2454966.0
2454976.0
2454986.0
2454996.0
2455006.0
2455016.0
2455026.0
2455036.0
2455043.745708542
2455046.0
2455056.0
2455066.0
2455076.0
2455086.0
2455096.0
2455106.0
2455116.0
2455126.0
2455136.0
2455146.0
2455156.0
2455166.0
2455176.0
221006.0
221016.0
221026.0
221036.0
221046.0
221056.0
221066.0
221076.0
221086.0
221096.0
221106.0
221116.0
221126.0
221136.0
221146.0
221156.0
221166.0
221176.0
221186.0
221196.0
221206.0
221216.0
221226.0
221236.0
221246.0
221256.0
221266.0
221276.0
221286.0
221296.0
221306.0
221316.0
221326.0
221336.0
221346.0
221356.0
221366.0
221376.0
221386.0
221396.0
221406.0
221416.0
221426.0
221436.0
221446.0
221456.0
221466.0
221476.0
221486.0
221496.0
221506.0
221516.0
221526.0
221536.0
221546.0
221556.0
221566.0
221576.0
221586.0
221596.0
221606.0
221616.0
221626.0
221636.0
221646.0
221656.0
221666.0
221676.0
221686.0
221696.0
221706.0
221716.0
221726.0
221736.0
221746.0
221756.0
221766.0
221776.0
221786.0
221796.0
221806.0
221816.0
221826.0
221836.0
221846.0
221856.0
221866.0
221876.0
221886.0
221896.0
221906.0
221916.0
221926.0
221936.0
221946.0
221952.80012309615
221952.8001309324
221956.0
295004.90478791186
295004.9047957481
295006.0
295014.90478791186
295014.9047957481
295016.0
295024.90478791186
295024.9047957481
295026.0
295034.90478791186
295034.9047957481
295035.30348921055
295035.3034970468
295036.0
295046.0
295056.0
295066.0
295074.90478791186
295074.9047957481
295076.0
295086.0
295093.6888163627
295093.68882419897
295094.0875176614
295094.08752549766
295096.0
295106.0
295116.0
295125.18272974953
295125.1827375858
295126.0
295136.0
295146.0
295156.0
295166.0
295176.0
295183.39199239435
295183.3920002306
295183.3920080669
295183.39201590314
295186.0
295196.0
295206.0
295216.0
295226.0
295236.0
295246.0
295256.0
295266.0
295276.0
295286.0
295296.0
295306.0
295316.0
295326.0
295336.0
295346.0
295356.0
295366.0
295376.0
295386.0
295396.0
295406.0
295416.0
295426.0
295436.0
295446.0
295456.0
295466.0
295476.0
295486.0
295496.0
295506.0
295516.0
295526.0
295536.0
295546.0
295556.0
295566.0
295576.0
295586.0
295596.0
295606.0
295616.0
295626.0
295636.0
295646.0
295656.0
295666.0
295676.0
295686.0
295696.0
295706.0
295716.0
295726.0
295736.0
295744.39199239435
295744.3920002306
295744.3920080669
295744.39201590314
295744.3920237394
295744.39203157567
295746.0
295756.0
295766.0
295776.0
295786.0
295796.0
295806.0
295816.0
295826.0
295836.0
295846.0
295856.0
295866.0
295876.0
295886.0
295896.0
295906.0
295916.0
295926.0
295936.0
295946.0
295956.0
295966.0
295976.0
295986.0
295996.0
296006.0
296016.0
296026.0
296036.0
296046.0
296056.0
296066.0
296076.0
296086.0
296096.0
296106.0
296116.0
296126.0
296136.0
296146.0
296156.0
367004.3552134574
367004.3552212937
367004.7539147561
367004.7539225924
367006.0
367015.5159282969
367015.51593613316
367016.0
367026.0
367033.3870700512
367033.3870778875
367033.7857713499
367033.7857791862
367036.0
367044.7539147561
367044.7539225924
367046.0
367054.7539147561
367054.7539225924
367056.0
367066.0
367076.0
367083.7503822933
367083.7503901296
367084.149083592
367084.14909142826
367086.0
367094.7539147561
367094.7539225924
367096.0
367106.0
367115.2379864592
367115.2379942955
367116.0
367126.0
367136.0
367146.0
367156.0
367166.0
367176.0
367186.0
367196.0
367206.0
367216.0
367226.0
367236.0
367246.0
367256.0
367266.0
367276.0
367286.0
367296.0
367306.0
367316.0
367326.0
367336.0
367346.0
367356.0
367366.0
367376.0
367386.0
367396.0
367406.0
367416.0
367426.0
367436.0
367446.0
367456.0
367466.0
367476.0
367486.0
367496.0
367506.0
367516.0
367526.0
367536.0
367546.0
367556.0
367566.0
367576.0
367586.0
367596.0
367606.0
367616.0
367626.0
367636.0
367646.0
367656.0
367666.0
367676.0
367686.0
367696.0
367706.0
367716.0
367726.0
367736.0
367746.0
367756.0
554006.0
554007.2503123308
554007.250320167
554016.0
554018.3798652005
554018.3798730368
554026.0
554027.2503123308
554027.250320167
554036.0
554037.2503123308
554037.250320167
554046.0
554047.2503123308
554047.250320167
554056.0
554057.2503123308
554057.250320167
554066.0
554067.2503123308
554067.250320167
554076.0
554077.2503123308
554077.250320167
554086.0
554087.2503123308
554087.250320167
554096.0
554097.2503123308
554097.250320167
554106.0
554107.2503123308
554107.250320167
554116.0
554117.2503123308
554117.250320167
554126.0
554127.2503123308
554127.250320167
554136.0
554137.2503123308
554137.250320167
554146.0
554147.2503123308
554147.250320167
554156.0
554157.2503123308
554157.250320167
554166.0
554167.2503123308
554167.250320167
554176.0
554186.0
554187.2503123308
554187.250320167
554196.0
554197.2503123308
554197.250320167
554206.0
554208.3798652005
554208.3798730368
554216.0
554218.3798652005
554218.3798730368
554226.0
554228.3798652005
554228.3798730368
554236.0
554238.3798652005
554238.3798730368
554246.0
554247.2503123308
554247.250320167
554256.0
554266.0
554276.0
554286.0
554296.0
554306.0
554316.0
554326.0
554336.0
554339.3654039544
554339.3654117907
554339.3654196269
554339.3654274632
554339.3654352995
554339.3654431357
554339.365450972
554339.3654588083
554339.3654666445
554339.3654744808
554339.365482317
554339.3654901533
554339.3654979896
554339.3655058258
554339.3655136621
554339.3655214984
554346.0
554356.0
554366.0
554376.0
554386.0
554396.0
554406.0
554416.0
554426.0
554436.0
554446.0
554456.0
554466.0
554476.0
554486.0
554496.0
554506.0
554516.0
554526.0
554536.0
554546.0
554556.0
554566.0
554576.0
554586.0
554596.0
554606.0
554616.0
554626.0
554636.0
554646.0
554656.0
554666.0
554676.0
554686.0
554696.0
554706.0
554716.0
554726.0
554736.0
554746.0
554756.0
554766.0
554776.0
554786.0
554796.0
554806.0
554816.0
554826.0
554836.0
554846.0
554856.0
554866.0
554876.0
554886.0
554896.0
554906.0
554916.0
554926.0
554936.0
554946.0
554956.0
554966.0
554976.0
554986.0
554996.0
555006.0
555016.0
555026.0
656006.0
656009.4491343523
656009.4491421885
656016.0
656019.4491343523
656019.4491421885
656026.0
656036.0
656039.0504330535
656039.0504408898
656046.0
656049.0504330535
656049.0504408898
656056.0
656059.0504330535
656059.0504408898
656066.0
656069.0504330535
656069.0504408898
656076.0
656079.0504330535
656079.0504408898
656086.0
656089.0504330535
656089.0504408898
656096.0
656099.0504330535
656099.0504408898
656106.0
656109.0504330535
656109.0504408898
656116.0
656119.0504330535
656119.0504408898
656126.0
656129.0504330535
656129.0504408898
656136.0
656139.0504330535
656139.0504408898
656146.0
656156.0
656159.0504330535
656159.0504408898
656166.0
656169.0504330535
656169.0504408898
656176.0
656179.0504330535
656179.0504408898
656186.0
656186.5648149651
656186.5648228014
656196.0
656206.0
656209.0504330535
656209.0504408898
656216.0
656219.0504330535
656219.0504408898
656226.0
656229.0504330535
656229.0504408898
656236.0
656239.0504330535
656239.0504408898
656246.0
656249.0504330535
656249.0504408898
656256.0
656259.0504330535
656259.0504408898
656266.0
656269.0504330535
656269.0504408898
656276.0
656277.4648149651
656277.4648228014
656277.4648306377
656277.4648384739
656277.4648463102
656277.4648541465
656277.4648619827
656277.464869819
656279.0504330535
656279.0504408898
656286.0
656289.0504330535
656289.0504408898
656289.4491343523
656289.4491421885
656296.0
656299.4491343523
656299.4491421885
656306.0
656309.4491343523
656309.4491421885
656316.0
656319.4491343523
656319.4491421885
656326.0
656329.4491343523
656329.4491421885
656336.0
656339.4491343523
656339.4491421885
656346.0
656349.4491343523
656349.4491421885
656356.0
656359.4491343523
656359.4491421885
656366.0
656369.4491343523
656369.4491421885
656376.0
656386.0
656396.0
656406.0
656416.0
656426.0
656436.0
656446.0
656456.0
656466.0
656476.0
656486.0
656496.0
656506.0
656516.0
656526.0
656536.0
656546.0
656556.0
656566.0
656576.0
656586.0
656596.0
656606.0
656616.0
656626.0
656636.0
656646.0
656656.0
656666.0
656676.0
656686.0
656696.0
656706.0
656716.0
656726.0
656736.0
656746.0
656756.0
656766.0
656776.0
656786.0
656796.0
656806.0
656816.0
656826.0
656836.0
656838.4648149651
656838.4648228014
656838.4648306377
656838.4648384739
656838.4648463102
656838.4648541465
656838.4648619827
656838.464869819
656838.4648776553
656838.4648854915
656838.4648933278
656838.464901164
656838.4649090003
656838.4649168366
656838.4649246729
656838.4649325091
656846.0
656856.0
656866.0
656876.0
656886.0
656896.0
656906.0
656916.0
656926.0
656936.0
656946.0
656956.0
656966.0
656976.0
656986.0
656996.0
657006.0
657016.0
657026.0
