57001.992825639885
57001.99283371328
57006.0
57012.46110714738
57012.46111522077
57016.0
57022.93601137692
57022.93601945032
57026.0
57036.0
57046.0
57056.0
57066.0
57076.0
57086.0
57096.0
57106.0
57116.0
57126.0
57136.0
57146.0
57156.0
57166.0
57176.0
57186.0
57196.0
57206.0
57216.0
57226.0
57236.0
57246.0
57256.0
57266.0
57276.0
57286.0
57296.0
57306.0
57316.0
57326.0
57336.0
57346.0
57356.0
57366.0
57376.0
57386.0
57396.0
57406.0
57416.0
57426.0
57436.0
57446.0
57456.0
57466.0
57476.0
57486.0
57496.0
57506.0
57516.0
57526.0
57536.0
57546.0
57556.0
57566.0
57576.0
57586.0
57596.0
57606.0
57616.0
57626.0
57636.0
57646.0
57656.0
57666.0
57676.0
57686.0
57696.0
57706.0
57716.0
57726.0
57736.0
57746.0
57756.0
57766.0
57776.0
57786.0
57796.0
57806.0
57816.0
57826.0
57836.0
57846.0
57856.0
57866.0
57876.0
57886.0
57896.0
57906.0
57916.0
57926.0
57936.0
57946.0
57956.0
57966.0
57976.0
133006.0
133006.38568091503
133006.38568898843
133016.0
133016.38568091503
133016.38568898843
133026.0
133026.38568091503
133026.38568898843
133036.0
133036.38568091503
133036.38568898843
133046.0
133046.38568091503
133046.38568898843
133056.0
133056.38568091503
133056.38568898843
133066.0
133066.38568091503
133066.38568898843
133076.0
133076.38568091503
133076.38568898843
133086.0
133086.38568091503
133086.38568898843
133096.0
133096.38568091503
133096.38568898843
133106.0
133106.38568091503
133106.38568898843
133116.0
133116.38568091503
133116.38568898843
133126.0
133126.38568091503
133126.38568898843
133136.0
133146.0
133156.0
133166.0
133173.93308836516
133173.93309643856
133176.0
133186.0
133196.0
133206.0
133216.0
133226.0
133236.0
133246.0
133256.0
133266.0
133276.0
133286.0
133296.0
133306.0
133316.0
133326.0
133336.0
133346.0
133356.0
133366.0
133376.0
133386.0
133396.0
133406.0
133416.0
133426.0
133436.0
133446.0
133456.0
133466.0
133476.0
133486.0
133496.0
133506.0
133516.0
133526.0
133536.0
133546.0
133556.0
133566.0
133576.0
133586.0
133596.0
133606.0
133616.0
133626.0
133636.0
133646.0
133656.0
133666.0
133676.0
133686.0
133696.0
133706.0
133716.0
133726.0
133736.0
133746.0
133756.0
243006.0
243007.35926795116
243007.35927602457
243016.0
243026.0
243027.65796924988
243027.65797732328
243036.0
243046.0
243047.35926795116
243047.35927602457
243056.0
243057.35926795116
243057.35927602457
243066.0
243076.0
243076.96056665247
243076.96057472588
243077.35926795116
243077.35927602457
243086.0
243087.35926795116
243087.35927602457
243096.0
243097.35926795116
243097.35927602457
243106.0
243107.35926795116
243107.35927602457
243116.0
243117.35926795116
243117.35927602457
243126.0
243128.49777644133
243128.49778451474
243136.0
243146.0
243156.0
243166.0
243176.0
243186.0
243196.0
243206.0
243216.0
243226.0
243236.0
243246.0
243256.0
243266.0
243276.0
243286.0
243296.0
243306.0
243316.0
243326.0
243336.0
243346.0
243356.0
243366.0
243376.0
243386.0
243396.0
243406.0
243416.0
243426.0
243436.0
243446.0
243456.0
243466.0
243476.0
243486.0
243496.0
243506.0
243516.0
243526.0
243536.0
243546.0
243556.0
243566.0
243576.0
243586.0
243596.0
243606.0
243616.0
243626.0
243636.0
243646.0
243656.0
243666.0
243676.0
243686.0
243696.0
243706.0
243716.0
243726.0
243736.0
243746.0
243756.0
243766.0
243776.0
243786.0
243796.0
243806.0
243816.0
243826.0
243836.0
243846.0
243856.0
384004.35309900105
384004.35310707445
384004.75180029974
384004.75180837314
384006.0
384016.0
384022.1918238149
384022.1918318883
384026.0
384036.0
384039.8475202185
384039.8475282919
384043.2044869939
384043.2044950673
384044.75180029974
384044.75180837314
384046.0
384056.0
384062.0138819772
384062.0138900506
384066.0
384076.0
384082.65131020406
384082.65131827747
384083.34871280147
384083.34872087487
384086.0
384091.9013510552
384091.9013591286
384096.0
384104.96130030596
384104.96130837937
384106.0
384113.56078297616
384113.56079104956
384116.0
384123.7044113194
384123.7044193928
384124.9125853902
384124.9125934636
384126.0
384136.0
384146.0
384156.0
384166.0
384176.0
384186.0
384196.0
384206.0
384216.0
384226.0
384236.0
384246.0
384256.0
384266.0
384276.0
384286.0
384296.0
384306.0
384316.0
384326.0
384336.0
384346.0
384356.0
384366.0
384376.0
384386.0
384396.0
384406.0
384411.1161642043
384411.1161722777
384416.0
384426.0
384436.0
384446.0
384456.0
384466.0
384476.0
384486.0
384496.0
384506.0
384516.0
384526.0
384536.0
384546.0
384556.0
384566.0
384576.0
384586.0
384596.0
384606.0
384616.0
384626.0
384636.0
384646.0
384656.0
384666.0
384676.0
384686.0
384696.0
384706.0
384716.0
384726.0
384736.0
384746.0
384756.0
384766.0
384776.0
384786.0
384796.0
384806.0
384816.0
384826.0
384836.0
384846.0
384852.1161480575
384852.1161561309
384852.1161642043
384852.1161722777
384852.1161803511
384852.1161884245
384856.0
384866.0
384876.0
384886.0
384896.0
384906.0
384916.0
384926.0
384936.0
384946.0
384956.0
384966.0
384976.0
384986.0
384996.0
385006.0
385016.0
385026.0
385036.0
385046.0
385056.0
385066.0
500006.0
500016.0
500017.7664867207
500026.0
500027.7664867207
500036.0
500037.7664867207
500046.0
500056.0
500066.0
500076.0
500077.367785422
500077.7664867207
500086.0
500091.0579412401
500096.0
500099.4122139804
500106.0
500116.0
500118.0651880194
500118.0651959293
500126.0
500129.4122139804
500136.0
500146.0
500148.0651880194
500148.0651959293
500156.0
500158.36388931813
500158.36389722803
500158.3639051379
500166.0
500169.4122139804
500176.0
500186.0
500196.0
500197.7664867207
500206.0
500207.7664867207
500216.0
500217.7664867207
500226.0
500227.7664867207
500236.0
500246.0
500247.7664867207
500256.0
500266.0
500276.0
500286.0
500296.0
500306.0
500316.0
500326.0
500336.0
500346.0
500356.0
500366.0
500376.0
500386.0
500396.0
500406.0
500416.0
500426.0
500436.0
500446.0
500456.0
500466.0
500476.0
500486.0
500496.0
500506.0
500516.0
500526.0
500536.0
500546.0
500556.0
500566.0
500576.0
500586.0
500596.0
500606.0
500616.0
500626.0
500636.0
500646.0
500656.0
500666.0
500676.0
500686.0
500696.0
500706.0
500716.0
500726.0
500736.0
500746.0
500756.0
500766.0
500776.0
500786.0
500796.0
500806.0
500816.0
500826.0
500836.0
500846.0
500856.0
613006.0
613007.0725017355
613016.0
613017.0725017355
613026.0
613027.0725017355
613036.0
613046.0
613047.0725017355
613056.0
613066.0
613067.0725017355
613076.0
613077.0725017355
613086.0
613087.0725017355
613096.0
613097.0725017355
613106.0
613107.0725017355
613116.0
613117.0725017355
613126.0
613127.0725017355
613136.0
613137.0725017355
613146.0
613156.0
613166.0
613167.0725017355
613176.0
613177.0725017355
613186.0
613187.0725017355
613196.0
613197.0725017355
613206.0
613207.0725017355
613216.0
613217.0725017355
613226.0
613227.0725017355
613236.0
613237.0725017355
613246.0
613247.0725017355
613256.0
613266.0
613276.0
613286.0
613296.0
613306.0
613316.0
613326.0
613336.0
613346.0
613356.0
613366.0
613376.0
613386.0
613396.0
613406.0
613416.0
613426.0
613436.0
613446.0
613456.0
613466.0
613476.0
613486.0
613496.0
613506.0
613516.0
613526.0
613536.0
613546.0
613556.0
613566.0
613576.0
613586.0
613596.0
613606.0
613616.0
613626.0
613636.0
613646.0
613656.0
613666.0
613676.0
613686.0
613696.0
613706.0
613716.0
613726.0
613736.0
613746.0
613756.0
613766.0
613776.0
613786.0
613796.0
613806.0
613816.0
613826.0
613836.0
613846.0
613856.0
613866.0
613876.0
613886.0
613896.0
613906.0
369006.0
369016.0
369026.0
369036.0
369046.0
369056.0
369066.0
369076.0
369086.0
369096.0
369106.0
369116.0
369126.0
369136.0
369146.0
369156.0
369166.0
369176.0
369186.0
369196.0
369206.0
369216.0
369226.0
369236.0
369246.0
369256.0
369266.0
369276.0
369286.0
369296.0
369306.0
369316.0
369326.0
369336.0
369346.0
369356.0
369366.0
369376.0
369386.0
369396.0
369406.0
369416.0
369426.0
369436.0
369446.0
369456.0
369466.0
369476.0
369486.0
369496.0
369506.0
369516.0
369526.0
369536.0
369546.0
369556.0
369566.0
369576.0
369586.0
369596.0
369606.0
369616.0
369626.0
369636.0
369646.0
369656.0
369666.0
369676.0
369686.0
369696.0
369706.0
369716.0
369726.0
369736.0
369746.0
369756.0
530005.7775036748
530005.7775116931
530006.0
530015.7775036748
530015.7775116931
530016.0
530025.7775036748
530025.7775116931
530026.0
530035.7775036748
530035.7775116931
530036.0
530045.7775036748
530045.7775116931
530046.0
530055.7775036748
530055.7775116931
530056.0
530066.0
530074.4923544696
530074.4923624878
530076.0
530076.3749062722
530076.3749142904
530076.3749223086
530076.3749303268
530076.374938345
530076.3749463633
530086.0
530086.9723088696
530086.9723168878
530086.972324906
530086.9723329243
530086.9723409425
530086.9723489607
530086.9723569789
530086.9723649971
530086.9723730154
530086.9723810336
530096.0
530105.7775036748
530105.7775116931
530106.0
530115.7775036748
530115.7775116931
530116.0
530125.7775036748
530125.7775116931
530126.0
530136.0
530146.0
530156.0
530166.0
530176.0
530186.0
530196.0
530206.0
530216.0
530226.0
530236.0
530246.0
530256.0
530266.0
530276.0
530286.0
530296.0
530306.0
530316.0
530326.0
530336.0
530346.0
530356.0
530366.0
530376.0
530386.0
530396.0
530406.0
530416.0
530426.0
530436.0
530446.0
530456.0
530466.0
530476.0
530486.0
530496.0
530506.0
530516.0
530526.0
530536.0
530546.0
530556.0
530566.0
530576.0
530586.0
530596.0
530606.0
530616.0
530626.0
530636.0
530646.0
530656.0
530666.0
530676.0
530686.0
530696.0
530706.0
530716.0
530726.0
530736.0
530746.0
530756.0
530766.0
530776.0
530786.0
530796.0
530806.0
530816.0
530826.0
530836.0
530846.0
530856.0
627006.0
627008.861625379
627008.8616333972
627016.0
627019.1603266776
627019.1603346958
627026.0
627031.9011925955
627031.9012006137
627036.0
627038.861625379
627038.8616333972
627046.0
627048.861625379
627048.8616333972
627056.0
627061.6024912968
627061.602499315
627066.0
627076.0
627079.0395672165
627079.0395752348
627081.6024912968
627081.602499315
627086.0
627088.861625379
627088.8616333972
627096.0
627106.0
627109.1603266776
627109.1603346958
627116.0
627118.861625379
627118.8616333972
627126.0
627131.9011925955
627131.9012006137
627136.0
627146.0
627151.6024912968
627151.602499315
627156.0
627159.1603266776
627159.1603346958
627166.0
627171.5161471574
627171.5161551756
627176.0
627181.6024912968
627181.602499315
627186.0
627188.861625379
627188.8616333972
627196.0
627198.861625379
627198.8616333972
627206.0
627211.6024912968
627211.602499315
627216.0
627218.861625379
627218.8616333972
627226.0
627228.861625379
627228.8616333972
627236.0
627241.8148484561
627241.8148564743
627246.0
627251.6024912968
627251.602499315
627256.0
627266.0
627276.0
627286.0
627296.0
627306.0
627316.0
627326.0
627336.0
627346.0
627356.0
627364.1710605695
627364.1710685877
627364.1710766059
627364.1710846241
627364.1710926424
627364.1711006606
627364.1711086788
627364.171116697
627364.1711247152
627364.1711327335
627364.1711407517
627364.1711487699
627364.1711567881
627364.1711648064
627364.1711728246
627364.1711808428
627364.171188861
627364.1711968792
627364.1712048975
627364.1712129157
627364.1712209339
627364.1712289521
627364.1712369703
627364.1712449886
627364.1712530068
627364.171261025
627364.1712690432
627364.1712770615
627366.0
627376.0
627386.0
627396.0
627406.0
627416.0
627426.0
627436.0
627446.0
627456.0
627466.0
627476.0
627486.0
627496.0
627506.0
627516.0
627526.0
627536.0
627546.0
627556.0
627566.0
627576.0
627586.0
627596.0
627606.0
627616.0
627626.0
627636.0
627646.0
627656.0
627666.0
627676.0
627686.0
627696.0
627706.0
627716.0
627726.0
627736.0
627746.0
627756.0
627766.0
627776.0
627786.0
627796.0
627806.0
627816.0
627826.0
627836.0
627846.0
627856.0
627866.0
627876.0
627886.0
627896.0
627906.0
627916.0
627926.0
627936.0
627946.0
627956.0
627966.0
627976.0
627986.0
627996.0
628006.0
628016.0
628026.0
761006.0
761016.0
761017.9468457159
761017.9468537341
761026.0
761027.9468457159
761027.9468537341
761036.0
761037.9468457159
761037.9468537341
761046.0
761047.9468457159
761047.9468537341
761056.0
761057.9468457159
761057.9468537341
761066.0
761067.9468457159
761067.9468537341
761076.0
761086.0
761087.9468457159
761087.9468537341
761093.7136707379
761093.7136787561
761096.0
761106.0
761107.9468457159
761107.9468537341
761116.0
761126.0
761127.9468457159
761127.9468537341
761136.0
761137.9468457159
761137.9468537341
761146.0
761147.9468457159
761147.9468537341
761156.0
761157.9468457159
761157.9468537341
761166.0
761167.9468457159
761167.9468537341
761176.0
761177.9468457159
761177.9468537341
761186.0
761187.9468457159
761187.9468537341
761196.0
761197.9468457159
761197.9468537341
761206.0
761207.9468457159
761207.9468537341
761216.0
761217.9468457159
761217.9468537341
761226.0
761227.9468457159
761227.9468537341
761236.0
761237.9468457159
761237.9468537341
761246.0
761247.9468457159
761247.9468537341
761256.0
761266.0
761276.0
761286.0
761296.0
761306.0
761316.0
761326.0
761336.0
761346.0
761356.0
761366.0
761376.0
761386.0
761396.0
761406.0
761416.0
761426.0
761436.0
761446.0
761456.0
761466.0
761476.0
761486.0
761496.0
761506.0
761508.7136707379
761508.7136787561
761508.7136867744
761508.7136947926
761508.7137028108
761508.713710829
761508.7137188473
761508.7137268655
761508.7137348837
761508.7137429019
761508.7137509201
761508.7137589384
761508.7137669566
761508.7137749748
761508.713782993
761508.7137910113
761508.7137990295
761508.7138070477
761508.7138150659
761508.7138230841
761508.7138311024
761508.7138391206
761508.7138471388
761508.713855157
761508.7138631752
761508.7138711935
761508.7138792117
761508.7138872299
761516.0
761526.0
761536.0
761546.0
761556.0
761566.0
761576.0
761586.0
761596.0
761606.0
761616.0
761626.0
761636.0
761646.0
761656.0
761666.0
761676.0
761686.0
761696.0
761706.0
761716.0
761726.0
761736.0
761746.0
761756.0
761766.0
761776.0
761786.0
761796.0
761806.0
761816.0
761826.0
761836.0
761846.0
761856.0
761866.0
761876.0
761886.0
761896.0
761906.0
761916.0
761926.0
761936.0
761946.0
761956.0
761966.0
761976.0
761986.0
761996.0
762006.0
762016.0
762026.0
762036.0
762046.0
762056.0
762066.0
762076.0
762086.0
762096.0
762106.0
928006.0
928008.1901625737
928016.0
928026.0
928028.1901625737
928036.0
928038.1901625737
928046.0
928048.1901625737
928056.0
928058.1901625737
928066.0
928068.1901625737
928076.0
928078.1901625737
928086.0
928088.1901625737
928096.0
928098.1901625737
928106.0
928116.0
928118.1901625737
928126.0
928128.1901625737
928136.0
928138.1901625737
928146.0
928148.1901625737
928156.0
928158.1901625737
928166.0
928168.1901625737
928176.0
928178.1901625737
928186.0
928196.0
928198.1901625737
928206.0
928208.1901625737
928216.0
928218.1901625737
928226.0
928228.1901625737
928236.0
928238.1901625737
928246.0
928248.1901625737
928256.0
928266.0
928276.0
928286.0
928296.0
928306.0
928316.0
928326.0
928336.0
928346.0
928356.0
928366.0
928376.0
928386.0
928396.0
928406.0
928416.0
928426.0
928436.0
928446.0
928456.0
928466.0
928476.0
928486.0
928496.0
928506.0
928516.0
928526.0
928536.0
928546.0
928556.0
928566.0
928576.0
928586.0
928596.0
928606.0
928616.0
928626.0
928636.0
928646.0
928656.0
928666.0
928676.0
928686.0
928696.0
928706.0
928716.0
928726.0
928736.0
928746.0
928756.0
1004006.0
1004009.1501082524
1004016.0
1004021.780755745
1004026.0
1004029.1501082524
1004036.0
1004044.4114032376
1004046.0
1004056.0
1004058.7514069537
1004066.0
1004068.7514069537
1004076.0
1004078.7514069537
1004086.0
1004088.7514069537
1004096.0
1004098.7514069537
1004106.0
1004108.7514069537
1004116.0
1004118.7514069537
1004126.0
1004128.7514069537
1004136.0
1004138.7514069537
1004146.0
1004148.7514069537
1004156.0
1004158.7514069537
1004166.0
1004168.7514069537
1004176.0
1004186.0
1004188.7514069537
1004196.0
1004198.7514069537
1004206.0
1004208.7514069537
1004216.0
1004218.7514069537
1004226.0
1004228.7514069537
1004236.0
1004238.7514069537
1004246.0
1004248.7514069537
1004256.0
1004266.0
1004276.0
1004286.0
1004296.0
1004306.0
1004316.0
1004326.0
1004336.0
1004346.0
1004356.0
1004366.0
1004376.0
1004386.0
1004396.0
1004406.0
1004416.0
1004426.0
1004436.0
1004446.0
1004456.0
1004466.0
1004476.0
1004486.0
1004496.0
1004506.0
1004516.0
1004526.0
1004536.0
1004546.0
1004556.0
1004566.0
1004576.0
1004586.0
1004596.0
1004606.0
1004616.0
1004626.0
1004636.0
1004646.0
1004656.0
1004666.0
1004676.0
1004686.0
1004696.0
1004706.0
1004716.0
1004726.0
1004736.0
1004746.0
1004756.0
1004766.0
1004776.0
1004786.0
1004796.0
1004806.0
1004816.0
1004826.0
1004836.0
1004846.0
1004856.0
1004866.0
1004876.0
1004877.9190925772
1004886.0
1004896.0
1004906.0
1004916.0
1004926.0
1004936.0
1004946.0
1004956.0
1004966.0
1004976.0
1004986.0
1004996.0
1005006.0
1005016.0
1005026.0
1005036.0
1005046.0
1005056.0
1005066.0
1005076.0
1005086.0
1005096.0
1005106.0
1005116.0
1005126.0
1005136.0
1005146.0
1005156.0
1005166.0
1005176.0
1005186.0
1005196.0
1061006.0
1061006.6569241753
1061006.656932401
1061016.0
1061026.0
1061026.6569241753
1061026.656932401
1061036.0
1061046.0
1061055.7982836948
1061055.7982919205
1061055.7983001461
1061056.0
1061065.8387621169
1061066.0
1061075.6775242337
1061076.0
1061085.959521578
1061086.0
1061096.0
1061106.0
1061115.8387621169
1061115.8387703425
1061116.0
1061116.6569241753
1061116.656932401
1061126.0
1061136.0
1061146.0
1061147.5530280715
1061147.5530362972
1061147.5530445229
1061147.5530527486
1061147.5530609742
1061156.0
1061166.0
1061175.9347839318
1061176.0
1061186.0
1061195.8387621169
1061196.0
1061196.6569241753
1061196.656932401
1061206.0
1061216.0
1061216.6569241753
1061216.656932401
1061226.0
1061236.0
1061238.4491319675
1061238.4491401932
1061238.4491484188
1061238.4491566445
1061238.4491648702
1061238.4491730959
1061238.4491813215
1061238.4491895472
1061246.0
1061256.0
1061266.0
1061276.0
1061286.0
1061296.0
1061306.0
1061316.0
1061326.0
1061336.0
1061337.4231498893
1061346.0
1061356.0
1061366.0
1061376.0
1061386.0
1061396.0
1061406.0
1061416.0
1061426.0
1061436.0
1061446.0
1061456.0
1061466.0
1061476.0
1061486.0
1061496.0
1061506.0
1061516.0
1061526.0
1061536.0
1061546.0
1061556.0
1061566.0
1061576.0
1061586.0
1061596.0
1061606.0
1061616.0
1061626.0
1061636.0
1061646.0
1061656.0
1061666.0
1061676.0
1061686.0
1061696.0
1061706.0
1061716.0
1061726.0
1061736.0
1061746.0
1061756.0
1061766.0
1061776.0
1061786.0
1061796.0
1061806.0
1061816.0
1061826.0
1061836.0
1061846.0
1061856.0
1061866.0
1061876.0
1061886.0
1061896.0
1061906.0
1061916.0
1061926.0
1061936.0
1346005.665275489
1346006.0
1346015.665275489
1346016.0
1346025.665275489
1346026.0
1346035.665275489
1346036.0
1346045.665275489
1346046.0
1346056.0
1346065.665275489
1346066.0
1346075.665275489
1346076.0
1346085.665275489
1346086.0
1346095.665275489
1346096.0
1346105.665275489
1346106.0
1346115.665275489
1346116.0
1346125.665275489
1346126.0
1346136.0
1346146.0
1346156.0
1346166.0
1346176.0
1346186.0
1346196.0
1346206.0
1346216.0
1346226.0
1346236.0
1346246.0
1346256.0
1346266.0
1346276.0
1346286.0
1346296.0
1346306.0
1346316.0
1346326.0
1346336.0
1346346.0
1346356.0
1346366.0
1346376.0
1346386.0
1346396.0
1346406.0
1346416.0
1346426.0
1346436.0
1346446.0
1346456.0
1346466.0
1346476.0
1346486.0
1346496.0
1346506.0
1346516.0
1346526.0
1346536.0
1346546.0
1346556.0
1346566.0
1346576.0
1346586.0
1346596.0
1346606.0
1346616.0
1346626.0
1346636.0
1346640.0766761955
1346646.0
1346656.0
1346666.0
1346676.0
1346686.0
1346696.0
1346706.0
1346716.0
1346726.0
1346736.0
1346746.0
1346756.0
1346766.0
1346776.0
1346786.0
1346796.0
1346806.0
1346816.0
1346826.0
1346836.0
1346846.0
1346856.0
1346866.0
1346876.0
1346886.0
1346896.0
1346906.0
1346916.0
1346926.0
1346936.0
1346946.0
1346956.0
1346966.0
1346976.0
369002.2325721438
369002.232580162
369006.0
369016.0
369026.0
369036.0
369046.0
369056.0
369066.0
369076.0
369086.0
369096.0
369106.0
369116.0
369126.0
369136.0
369146.0
369156.0
369166.0
369176.0
369186.0
369196.0
369206.0
369216.0
369226.0
369236.0
369246.0
369256.0
369266.0
369276.0
369286.0
369296.0
369306.0
369316.0
369326.0
369336.0
369346.0
369356.0
369366.0
369376.0
369386.0
369396.0
369406.0
369416.0
369426.0
369436.0
369446.0
369456.0
369466.0
369476.0
369486.0
369496.0
369506.0
369516.0
369526.0
369536.0
369546.0
369556.0
369566.0
369576.0
369586.0
369596.0
369606.0
369616.0
369626.0
369636.0
369646.0
369656.0
369666.0
369676.0
369686.0
369696.0
369706.0
369716.0
369726.0
369736.0
369746.0
369756.0
530005.7775036748
530005.7775116931
530006.0
530016.0
530024.4923544696
530024.4923624878
530026.0
530035.7775036748
530035.7775116931
530036.0
530045.7775036748
530045.7775116931
530046.0
530056.0
530066.0
530067.2710101684
530067.2710181866
530076.0
530076.3749062722
530076.3749142904
530076.3749223086
530076.3749303268
530076.374938345
530076.3749463633
530086.0
530086.9723088696
530086.9723168878
530086.972324906
530086.9723329243
530086.9723409425
530086.9723489607
530086.9723569789
530086.9723649971
530086.9723730154
530086.9723810336
530096.0
530096.9723088696
530096.9723168878
530096.972324906
530096.9723329243
530096.9723409425
530096.9723489607
530096.9723569789
530096.9723649971
530096.9723730154
530096.9723810336
530106.0
530106.9723088696
530106.9723168878
530106.972324906
530106.9723329243
530106.9723409425
530106.9723489607
530106.9723569789
530106.9723649971
530106.9723730154
530106.9723810336
530116.0
530116.9723088696
530116.9723168878
530116.972324906
530116.9723329243
530116.9723409425
530116.9723489607
530116.9723569789
530116.9723649971
530116.9723730154
530116.9723810336
530126.0
530134.4923544696
530134.4923624878
530134.492370506
530134.4923785243
530134.4923865425
530134.4923945607
530134.4924025789
530134.4924105972
530134.4924186154
530134.4924266336
530136.0
530146.0
530156.0
530166.0
530176.0
530186.0
530196.0
530206.0
530216.0
530226.0
530236.0
530246.0
530256.0
530266.0
530276.0
530286.0
530296.0
530306.0
530316.0
530326.0
530336.0
530346.0
530356.0
530366.0
530376.0
530386.0
530396.0
530406.0
530416.0
530426.0
530436.0
530446.0
530456.0
530466.0
530476.0
530486.0
530496.0
530506.0
530516.0
530526.0
530536.0
530546.0
530556.0
530566.0
530576.0
530586.0
530596.0
530606.0
530616.0
530626.0
530636.0
530646.0
530656.0
530666.0
530676.0
530686.0
530696.0
530706.0
530716.0
530726.0
530736.0
530746.0
530756.0
530766.0
530776.0
530786.0
530796.0
530806.0
530816.0
530826.0
530836.0
530846.0
530856.0
627004.3433572147
627004.3433652329
627006.0
627008.861625379
627008.8616333972
627016.0
627026.0
627028.861625379
627028.8616333972
627036.0
627038.861625379
627038.8616333972
627046.0
627049.1603266776
627049.1603346958
627056.0
627058.861625379
627058.8616333972
627066.0
627071.6024912968
627071.602499315
627076.0
627086.0
627089.1603266776
627089.1603346958
627096.0
627098.861625379
627098.8616333972
627106.0
627108.861625379
627108.8616333972
627116.0
627124.6420585134
627124.6420665316
627126.0
627136.0
627138.861625379
627138.8616333972
627146.0
627148.861625379
627148.8616333972
627156.0
627166.0
627166.0344153217
627166.0344233399
627174.6420585134
627174.6420665316
627176.0
627181.9011925955
627181.9012006137
627186.0
627191.6024912968
627191.602499315
627196.0
627198.861625379
627198.8616333972
627206.0
627208.861625379
627208.8616333972
627216.0
627218.861625379
627218.8616333972
627226.0
627228.861625379
627228.8616333972
627236.0
627244.3433572147
627244.3433652329
627246.0
627248.861625379
627248.8616333972
627256.0
627266.0
627276.0
627286.0
627296.0
627306.0
627316.0
627326.0
627336.0
627346.0
627356.0
627364.1710605695
627364.1710685877
627364.1710766059
627364.1710846241
627364.1710926424
627364.1711006606
627364.1711086788
627364.171116697
627364.1711247152
627364.1711327335
627364.1711407517
627364.1711487699
627364.1711567881
627364.1711648064
627364.1711728246
627364.1711808428
627364.171188861
627364.1711968792
627364.1712048975
627364.1712129157
627364.1712209339
627364.1712289521
627364.1712369703
627364.1712449886
627364.1712530068
627364.171261025
627366.0
627376.0
627386.0
627396.0
627406.0
627416.0
627426.0
627436.0
627446.0
627456.0
627466.0
627476.0
627486.0
627496.0
627506.0
627516.0
627526.0
627536.0
627546.0
627556.0
627566.0
627576.0
627586.0
627596.0
627606.0
627616.0
627626.0
627636.0
627646.0
627656.0
627666.0
627676.0
627686.0
627696.0
627706.0
627716.0
627726.0
627736.0
627746.0
627756.0
627766.0
627776.0
627786.0
627796.0
627806.0
627816.0
627826.0
627836.0
627846.0
627856.0
627866.0
627876.0
627886.0
627896.0
627906.0
627916.0
627926.0
627936.0
627946.0
627956.0
627966.0
627976.0
627986.0
627996.0
628006.0
628016.0
628026.0
761006.0
761007.9468457159
761007.9468537341
761016.0
761017.9468457159
761017.9468537341
761026.0
761027.9468457159
761027.9468537341
761036.0
761037.9468457159
761037.9468537341
761046.0
761047.9468457159
761047.9468537341
761056.0
761057.9468457159
761057.9468537341
761066.0
761067.9468457159
761067.9468537341
761076.0
761077.9468457159
761077.9468537341
761086.0
761087.9468457159
761087.9468537341
761093.7136707379
761093.7136787561
761096.0
761097.9468457159
761097.9468537341
761106.0
761107.9468457159
761107.9468537341
761116.0
761117.9468457159
761117.9468537341
761126.0
761127.9468457159
761127.9468537341
761136.0
761137.9468457159
761137.9468537341
761146.0
761156.0
761157.9468457159
761157.9468537341
761166.0
761176.0
761177.9468457159
761177.9468537341
761186.0
761187.9468457159
761187.9468537341
761196.0
761197.9468457159
761197.9468537341
761206.0
761207.9468457159
761207.9468537341
761216.0
761217.9468457159
761217.9468537341
761226.0
761227.9468457159
761227.9468537341
761236.0
761246.0
761247.9468457159
761247.9468537341
761256.0
761266.0
761276.0
761286.0
761296.0
761306.0
761316.0
761326.0
761336.0
761346.0
761356.0
761366.0
761376.0
761386.0
761396.0
761406.0
761416.0
761426.0
761436.0
761446.0
761456.0
761466.0
761476.0
761486.0
761496.0
761506.0
761508.7136707379
761508.7136787561
761508.7136867744
761508.7136947926
761508.7137028108
761508.713710829
761508.7137188473
761508.7137268655
761508.7137348837
761508.7137429019
761508.7137509201
761508.7137589384
761508.7137669566
761508.7137749748
761508.713782993
761508.7137910113
761508.7137990295
761508.7138070477
761508.7138150659
761508.7138230841
761508.7138311024
761508.7138391206
761508.7138471388
761508.713855157
761508.7138631752
761508.7138711935
761516.0
761526.0
761536.0
761546.0
761556.0
761566.0
761576.0
761586.0
761596.0
761606.0
761616.0
761626.0
761636.0
761646.0
761656.0
761666.0
761676.0
761686.0
761696.0
761706.0
761716.0
761726.0
761736.0
761746.0
761756.0
761766.0
761776.0
761786.0
761796.0
761806.0
761816.0
761826.0
761836.0
761846.0
761856.0
761866.0
761876.0
761886.0
761896.0
761906.0
761916.0
761926.0
761936.0
761946.0
761956.0
761966.0
761976.0
761986.0
761996.0
762006.0
762016.0
762026.0
762036.0
762046.0
762056.0
762066.0
762076.0
762086.0
762096.0
762106.0
928006.0
928007.791461275
928016.0
928017.791461275
928026.0
928027.791461275
928036.0
928037.791461275
928046.0
928047.791461275
928056.0
928057.791461275
928066.0
928067.791461275
928076.0
928077.791461275
928086.0
928087.791461275
928096.0
928097.791461275
928106.0
928107.791461275
928116.0
928117.791461275
928126.0
928127.791461275
928136.0
928146.0
928147.791461275
928156.0
928157.791461275
928166.0
928167.791461275
928176.0
928177.791461275
928186.0
928187.791461275
928196.0
928197.791461275
928206.0
928207.791461275
928216.0
928217.791461275
928226.0
928236.0
928237.6707018139
928239.4621630888
928246.0
928249.4621630888
928256.0
928266.0
928276.0
928286.0
928296.0
928306.0
928316.0
928326.0
928336.0
928346.0
928356.0
928366.0
928376.0
928386.0
928396.0
928406.0
928416.0
928426.0
928436.0
928446.0
928456.0
928466.0
928476.0
928486.0
928496.0
928506.0
928516.0
928526.0
928536.0
928546.0
928556.0
928566.0
928576.0
928586.0
928596.0
928606.0
928616.0
928626.0
928636.0
928646.0
928656.0
928666.0
928676.0
928686.0
928696.0
928706.0
928716.0
928726.0
928736.0
928746.0
928756.0
1004006.0
1004009.1501082524
1004016.0
1004021.780755745
1004026.0
1004029.1501082524
1004036.0
1004039.1501082524
1004046.0
1004049.1501082524
1004056.0
1004066.0
1004069.1501082524
1004076.0
1004079.1501082524
1004086.0
1004089.1501082524
1004096.0
1004106.0
1004108.7514069537
1004116.0
1004126.0
1004128.7514069537
1004136.0
1004146.0
1004148.7514069537
1004156.0
1004158.7514069537
1004166.0
1004168.7514069537
1004176.0
1004178.7514069537
1004186.0
1004188.7514069537
1004196.0
1004198.7514069537
1004206.0
1004208.7514069537
1004216.0
1004218.7514069537
1004226.0
1004228.7514069537
1004236.0
1004238.7514069537
1004246.0
1004248.7514069537
1004256.0
1004266.0
1004276.0
1004286.0
1004296.0
1004306.0
1004316.0
1004326.0
1004336.0
1004346.0
1004356.0
1004366.0
1004376.0
1004386.0
1004396.0
1004406.0
1004416.0
1004426.0
1004436.0
1004446.0
1004456.0
1004466.0
1004476.0
1004486.0
1004496.0
1004506.0
1004516.0
1004526.0
1004536.0
1004546.0
1004556.0
1004566.0
1004576.0
1004586.0
1004596.0
1004606.0
1004616.0
1004626.0
1004636.0
1004646.0
1004656.0
1004666.0
1004676.0
1004686.0
1004696.0
1004706.0
1004716.0
1004726.0
1004736.0
1004746.0
1004756.0
1004766.0
1004776.0
1004786.0
1004796.0
1004806.0
1004816.0
1004826.0
1004836.0
1004846.0
1004856.0
1004866.0
1004876.0
1004877.9190925772
1004886.0
1004896.0
1004906.0
1004916.0
1004926.0
1004936.0
1004946.0
1004956.0
1004966.0
1004976.0
1004986.0
1004996.0
1005006.0
1005016.0
1005026.0
1005036.0
1005046.0
1005056.0
1005066.0
1005076.0
1005086.0
1005096.0
1005106.0
1005116.0
1005126.0
1005136.0
1005146.0
1005156.0
1005166.0
1005176.0
1005186.0
1005196.0
1061006.0
1061016.0
1061025.959521578
1061026.0
1061036.0
1061046.0
1061046.6569241753
1061046.656932401
1061056.0
1061066.0
1061076.0
1061086.0
1061087.5530280715
1061087.5530362972
1061087.5530445229
1061087.5530527486
1061087.5530609742
1061096.0
1061106.0
1061115.8387621169
1061115.8387703425
1061115.8387785682
1061115.8387867939
1061115.8387950195
1061116.0
1061126.0
1061126.6569241753
1061126.656932401
1061136.0
1061146.0
1061146.6569241753
1061146.656932401
1061156.0
1061166.0
1061175.8387621169
1061176.0
1061176.6569241753
1061176.656932401
1061186.0
1061196.0
1061206.0
1061206.6569241753
1061206.656932401
1061216.0
1061226.0
1061236.0
1061245.8387621169
1061245.8387703425
1061245.8387785682
1061246.0
1061246.6569241753
1061246.656932401
1061256.0
1061266.0
1061276.0
1061286.0
1061296.0
1061306.0
1061316.0
1061326.0
1061336.0
1061337.4231498893
1061346.0
1061356.0
1061366.0
1061376.0
1061386.0
1061396.0
1061406.0
1061416.0
1061426.0
1061436.0
1061446.0
1061456.0
1061466.0
1061476.0
1061486.0
1061496.0
1061506.0
1061516.0
1061526.0
1061536.0
1061546.0
1061556.0
1061566.0
1061576.0
1061586.0
1061596.0
1061606.0
1061616.0
1061626.0
1061636.0
1061646.0
1061656.0
1061666.0
1061676.0
1061686.0
1061696.0
1061706.0
1061716.0
1061726.0
1061736.0
1061746.0
1061756.0
1061766.0
1061776.0
1061786.0
1061796.0
1061806.0
1061816.0
1061826.0
1061836.0
1061846.0
1061856.0
1061866.0
1061876.0
1061886.0
1061896.0
1061906.0
1061916.0
1061926.0
1061936.0
1346005.665275489
1346006.0
1346015.665275489
1346016.0
1346025.665275489
1346026.0
1346035.665275489
1346036.0
1346045.665275489
1346046.0
1346055.665275489
1346056.0
1346066.0
1346075.665275489
1346076.0
1346085.665275489
1346086.0
1346095.665275489
1346096.0
1346105.665275489
1346106.0
1346115.665275489
1346116.0
1346125.665275489
1346126.0
1346136.0
1346146.0
1346156.0
1346166.0
1346176.0
1346186.0
1346196.0
1346206.0
1346216.0
1346226.0
1346236.0
1346246.0
1346256.0
1346266.0
1346276.0
1346286.0
1346296.0
1346306.0
1346316.0
1346326.0
1346336.0
1346346.0
1346356.0
1346366.0
1346376.0
1346386.0
1346396.0
1346406.0
1346416.0
1346426.0
1346436.0
1346446.0
1346456.0
1346466.0
1346476.0
1346486.0
1346496.0
1346506.0
1346516.0
1346526.0
1346536.0
1346546.0
1346556.0
1346566.0
1346576.0
1346586.0
1346596.0
1346606.0
1346616.0
1346626.0
1346636.0
1346640.0766761955
1346646.0
1346656.0
1346666.0
1346676.0
1346686.0
1346696.0
1346706.0
1346716.0
1346726.0
1346736.0
1346746.0
1346756.0
1346766.0
1346776.0
1346786.0
1346796.0
1346806.0
1346816.0
1346826.0
1346836.0
1346846.0
1346856.0
1346866.0
1346876.0
1346886.0
1346896.0
1346906.0
1346916.0
1346926.0
1346936.0
1346946.0
1346956.0
1346966.0
1346976.0
1839006.0
1839006.898307639
1839016.0
1839016.898307639
1839026.0
1839036.0
1839036.898307639
1839046.0
1839046.898307639
1839056.0
1839056.898307639
1839066.0
1839066.898307639
1839076.0
1839076.898307639
1839086.0
1839086.898307639
1839096.0
1839096.898307639
1839106.0
1839116.0
1839116.898307639
1839126.0
1839126.898307639
1839136.0
1839136.898307639
1839146.0
1839146.898307639
1839156.0
1839156.898307639
1839166.0
1839166.898307639
1839176.0
1839176.898307639
1839186.0
1839186.898307639
1839196.0
1839196.898307639
1839206.0
1839206.898307639
1839216.0
1839216.898307639
1839226.0
1839226.898307639
1839236.0
1839236.898307639
1839246.0
1839246.898307639
1839256.0
1839266.0
1839276.0
1839286.0
1839296.0
1839306.0
1839316.0
1839326.0
1839336.0
1839346.0
1839356.0
1839366.0
1839376.0
1839386.0
1839396.0
1839406.0
1839416.0
1839426.0
1839436.0
1839446.0
1839456.0
1839466.0
1839476.0
1839486.0
1839496.0
1839506.0
1839516.0
1839526.0
1839536.0
1839546.0
1839556.0
1839566.0
1839576.0
1839586.0
1839596.0
1839606.0
1839616.0
1839626.0
1839636.0
1839646.0
1839656.0
1839666.0
1839676.0
1839686.0
1839696.0
1839706.0
1839716.0
1839726.0
1839736.0
1839746.0
1839756.0
1839766.0
1839776.0
1839786.0
1839796.0
1839806.0
1839816.0
1839826.0
1839836.0
1839846.0
1839856.0
1839866.0
1839876.0
1839886.0
1839896.0
1839906.0
1839916.0
1839926.0
57001.992825639885
57001.99283371328
57003.03601137692
57003.036019450316
57006.0
57016.0
57026.0
57026.93601137692
57026.93601945032
57036.0
57046.0
57056.0
57066.0
57076.0
57086.0
57096.0
57106.0
57116.0
57126.0
57136.0
57146.0
57156.0
57166.0
57176.0
57186.0
57196.0
57206.0
57216.0
57226.0
57236.0
57246.0
57256.0
57266.0
57276.0
57286.0
57296.0
57306.0
57316.0
57326.0
57336.0
57346.0
57356.0
57366.0
57376.0
57386.0
57396.0
57406.0
57416.0
57426.0
57436.0
57446.0
57456.0
57466.0
57476.0
57486.0
57496.0
57506.0
57516.0
57526.0
57536.0
57546.0
57556.0
57566.0
57576.0
57586.0
57596.0
57606.0
57616.0
57626.0
57636.0
57646.0
57656.0
57666.0
57676.0
57686.0
57696.0
57706.0
57716.0
57726.0
57736.0
57746.0
57756.0
57766.0
57776.0
57786.0
57796.0
57806.0
57816.0
57826.0
57836.0
57846.0
57856.0
57866.0
57876.0
57886.0
57896.0
57906.0
57916.0
57926.0
57936.0
57946.0
57956.0
57966.0
57976.0
133006.0
133006.4271998371
133006.4272079105
133016.0
133016.68438221375
133016.68439028715
133026.0
133036.0
133036.38568091503
133036.38568898843
133046.0
133056.0
133065.03308836516
133065.03309643856
133066.0
133076.0
133086.0
133086.68438221375
133086.68439028715
133096.0
133096.38568091503
133096.38568898843
133106.0
133106.38568091503
133106.38568898843
133116.0
133116.38568091503
133116.38568898843
133126.0
133126.38568091503
133126.38568898843
133136.0
133146.0
133156.0
133166.0
133176.0
133186.0
133196.0
133206.0
133216.0
133226.0
133236.0
133246.0
133256.0
133266.0
133276.0
133286.0
133296.0
133306.0
133316.0
133326.0
133336.0
133346.0
133356.0
133366.0
133376.0
133386.0
133396.0
133406.0
133416.0
133426.0
133436.0
133446.0
133456.0
133466.0
133476.0
133486.0
133496.0
133506.0
133516.0
133526.0
133536.0
133546.0
133556.0
133566.0
133576.0
133586.0
133596.0
133606.0
133616.0
133626.0
133636.0
133646.0
133656.0
133666.0
133676.0
133686.0
133696.0
133706.0
133716.0
133726.0
133736.0
133746.0
133756.0
243006.0
243007.35926795116
243007.35927602457
243016.0
243026.0
243035.0077043365
243035.0077124099
243036.0
243038.5977764413
243038.5977845147
243046.0
243047.65796924988
243047.65797732328
243056.0
243065.51988188323
243065.51988995663
243066.0
243076.0
243078.89647774003
243078.89648581343
243086.0
243096.0
243104.94497765368
243104.94498572708
243106.0
243116.0
243116.24621282663
243116.24622090004
243117.65796924988
243117.65797732328
243126.0
243134.82421819266
243134.82422626606
243136.0
243146.0
243156.0
243166.0
243176.0
243186.0
243196.0
243206.0
243216.0
243226.0
243236.0
243246.0
243256.0
243266.0
243276.0
243286.0
243296.0
243306.0
243316.0
243326.0
243336.0
243346.0
243356.0
243366.0
243376.0
243386.0
243396.0
243406.0
243416.0
243426.0
243436.0
243446.0
243456.0
243466.0
243476.0
243486.0
243496.0
243506.0
243516.0
243526.0
243536.0
243546.0
243556.0
243566.0
243576.0
243586.0
243596.0
243606.0
243616.0
243626.0
243636.0
243646.0
243656.0
243666.0
243676.0
243686.0
243696.0
243706.0
243716.0
243726.0
243736.0
243746.0
243756.0
243766.0
243776.0
243786.0
243796.0
243806.0
243816.0
243826.0
243836.0
243846.0
243856.0
384004.7918259292
384004.7918340026
384006.0
384016.0
384024.35309900105
384024.35310707445
384026.0
384036.0
384042.34848759754
384042.34849567094
384043.04589019495
384043.04589826835
384046.0
384056.0
384064.2161480575
384064.2161561309
384064.2161642043
384064.2161722777
384066.0
384074.35309900105
384074.35310707445
384076.0
384084.35309900105
384084.35310707445
384084.35311514785
384084.35312322126
384084.35313129466
384084.35313936806
384084.35314744146
384084.35315551487
384084.35316358827
384084.35317166167
384086.0
384094.35309900105
384094.35310707445
384096.0
384106.0
384113.7044113194
384113.7044193928
384114.92974213744
384114.92975021084
384116.0
384126.0
384134.9125853902
384134.9125934636
384134.912601537
384134.9126096104
384136.0
384146.0
384156.0
384166.0
384176.0
384186.0
384196.0
384206.0
384216.0
384226.0
384236.0
384246.0
384256.0
384266.0
384276.0
384286.0
384296.0
384306.0
384316.0
384326.0
384336.0
384346.0
384356.0
384366.0
384376.0
384386.0
384396.0
384406.0
384416.0
384426.0
384436.0
384446.0
384456.0
384466.0
384476.0
384486.0
384496.0
384506.0
384516.0
384526.0
384536.0
384546.0
384556.0
384566.0
384576.0
384586.0
384596.0
384606.0
384616.0
384626.0
384636.0
384646.0
384656.0
384666.0
384676.0
384686.0
384696.0
384706.0
384716.0
384726.0
384736.0
384746.0
384756.0
384766.0
384776.0
384786.0
384796.0
384806.0
384816.0
384826.0
384836.0
384846.0
384856.0
384866.0
384876.0
384886.0
384896.0
384906.0
384916.0
384926.0
384936.0
384946.0
384956.0
384966.0
384976.0
384986.0
384996.0
385006.0
385016.0
385026.0
385036.0
385046.0
385056.0
385066.0
500006.0
500007.7664867207
500016.0
500017.7664867207
500026.0
500029.4122139804
500036.0
500037.7664867207
500046.0
500047.7664867207
500056.0
500057.7664867207
500066.0
500067.7664867207
500076.0
500077.7664867207
500086.0
500089.4122139804
500096.0
500106.0
500109.0135126817
500109.4122139804
500116.0
500121.0579412401
500126.0
500131.0579412401
500136.0
500146.0
500149.2914545194
500156.0
500166.0
500171.0579412401
500176.0
500186.0
500191.0579412401
500196.0
500206.0
500209.0135126817
500209.4122139804
500216.0
500226.0
500229.4122139804
500236.0
500237.7664867207
500246.0
500249.4122139804
500256.0
500266.0
500276.0
500286.0
500296.0
500306.0
500316.0
500326.0
500336.0
500346.0
500356.0
500366.0
500376.0
500386.0
500396.0
500406.0
500416.0
500426.0
500436.0
500446.0
500456.0
500466.0
500476.0
500486.0
500496.0
500506.0
500516.0
500526.0
500536.0
500546.0
500556.0
500566.0
500576.0
500586.0
500596.0
500606.0
500616.0
500626.0
500636.0
500646.0
500656.0
500666.0
500676.0
500686.0
500696.0
500706.0
500716.0
500726.0
500730.91404639586
500736.0
500746.0
500756.0
500766.0
500776.0
500786.0
500796.0
500806.0
500816.0
500826.0
500836.0
500846.0
500856.0
613006.0
613007.3712030342
613016.0
613017.3712030342
613026.0
613036.0
613037.3712030342
613046.0
613047.3712030342
613056.0
613057.3712030342
613066.0
613067.3712030342
613076.0
613077.3712030342
613086.0
613087.3712030342
613096.0
613097.9686056316
613106.0
613108.566008229
613108.566016139
613108.566024049
613116.0
613119.7608134238
613119.7608213337
613119.7608292437
613119.7608371536
613119.7608450636
613126.0
613136.0
613136.6738004368
613146.0
613146.6738004368
613156.0
613156.6738004368
613157.3712030342
613166.0
613167.3712030342
613176.0
613177.3712030342
613186.0
613187.3712030342
613196.0
613197.3712030342
613206.0
613207.3712030342
613216.0
613217.3712030342
613226.0
613227.3712030342
613236.0
613237.3712030342
613246.0
613247.3712030342
613256.0
613266.0
613276.0
613286.0
613296.0
613306.0
613316.0
613326.0
613336.0
613346.0
613356.0
613366.0
613376.0
613386.0
613396.0
613406.0
613416.0
613426.0
613436.0
613446.0
613456.0
613466.0
613476.0
613486.0
613496.0
613506.0
613516.0
613526.0
613536.0
613546.0
613556.0
613566.0
613576.0
613586.0
613596.0
613606.0
613616.0
613626.0
613636.0
613646.0
613656.0
613666.0
613676.0
613686.0
613696.0
613706.0
613716.0
613726.0
613736.0
613746.0
613756.0
613766.0
613776.0
613786.0
613796.0
613806.0
613816.0
613826.0
613836.0
613846.0
613856.0
613866.0
613876.0
613886.0
613896.0
613906.0
