150003.41730992022
150003.41731775645
150006.0
150016.0
150026.0
150036.0
150046.0
150056.0
150066.0
150076.0
150086.0
150096.0
150106.0
150116.0
150126.0
150136.0
150146.0
150156.0
150166.0
150176.0
150186.0
150196.0
150206.0
150216.0
150226.0
150236.0
150246.0
150256.0
150266.0
150276.0
150286.0
150296.0
150306.0
150316.0
150326.0
150336.0
150346.0
150356.0
150366.0
150376.0
150386.0
150396.0
150406.0
150416.0
150426.0
150436.0
150446.0
150456.0
150466.0
150476.0
150486.0
150496.0
150506.0
150516.0
150526.0
150536.0
150546.0
150556.0
150566.0
150576.0
150586.0
150596.0
150606.0
150616.0
150626.0
150636.0
150646.0
150656.0
150666.0
150676.0
150686.0
150696.0
150706.0
150716.0
150726.0
150736.0
150746.0
150002.6968205674
150002.69682840363
150003.4173255927
150003.41733342892
150006.0
150016.0
150026.0
150036.0
150046.0
150056.0
150066.0
150076.0
150086.0
150096.0
150106.0
150116.0
150126.0
150136.0
150146.0
150156.0
150166.0
150176.0
150186.0
150196.0
150206.0
150216.0
150226.0
150236.0
150246.0
150256.0
150266.0
150276.0
150286.0
150296.0
150306.0
150316.0
150326.0
150336.0
150346.0
150356.0
150366.0
150376.0
150386.0
150396.0
150406.0
150416.0
150426.0
150436.0
150446.0
150456.0
150466.0
150476.0
150486.0
150496.0
150506.0
150516.0
150526.0
150536.0
150546.0
150556.0
150566.0
150576.0
150586.0
150596.0
150606.0
150616.0
150626.0
150636.0
150646.0
150656.0
150666.0
150676.0
150686.0
150696.0
150706.0
150716.0
150726.0
150736.0
150746.0
103002.6772248455
103002.67723253113
103006.0
103016.0
103026.0
103036.0
103046.0
103056.0
103066.0
103076.0
103086.0
103096.0
103106.0
103116.0
103126.0
103136.0
103146.0
103156.0
103166.0
103176.0
103186.0
103196.0
103206.0
103216.0
103226.0
103236.0
103246.0
103256.0
103266.0
103276.0
103286.0
103296.0
103306.0
103316.0
103326.0
103336.0
103346.0
103356.0
103366.0
103376.0
103386.0
103396.0
103406.0
103416.0
103426.0
103436.0
103446.0
103456.0
103466.0
103476.0
103486.0
103496.0
103506.0
103516.0
103526.0
103536.0
103546.0
103556.0
103566.0
103576.0
103586.0
103596.0
103606.0
103616.0
103626.0
103636.0
103646.0
103656.0
103666.0
103676.0
103686.0
103696.0
103706.0
103716.0
103726.0
103736.0
103746.0
103756.0
103766.0
103776.0
103786.0
103796.0
103806.0
103816.0
103826.0
103836.0
103846.0
103856.0
103866.0
103876.0
103886.0
103896.0
103906.0
103916.0
103926.0
103936.0
103946.0
103956.0
765002.3500202463
765006.0
765016.0
765026.0
765036.0
765046.0
765056.0
765066.0
765076.0
765086.0
765096.0
765106.0
765116.0
765126.0
765136.0
765146.0
765156.0
765166.0
765176.0
765186.0
765196.0
765206.0
765216.0
765226.0
765236.0
765246.0
765256.0
765266.0
765276.0
765286.0
765296.0
765306.0
765316.0
765326.0
765336.0
765346.0
765356.0
765366.0
765376.0
765386.0
765396.0
765403.9758318779
765406.0
765416.0
765426.0
765436.0
765446.0
765456.0
765466.0
765476.0
765486.0
765496.0
765506.0
765516.0
765526.0
765536.0
765546.0
765556.0
765566.0
765576.0
765586.0
765596.0
765606.0
765616.0
765626.0
765636.0
765646.0
765656.0
765666.0
765676.0
765686.0
765696.0
765706.0
765716.0
765726.0
765736.0
765746.0
765756.0
1231006.0
1231006.2518382065
1231016.0
1231016.2518382065
1231026.0
1231026.2518382065
1231036.0
1231036.2518382065
1231046.0
1231056.0
1231056.2518382065
1231066.0
1231066.2518382065
1231076.0
1231076.2518382065
1231086.0
1231086.2518382065
1231096.0
1231096.2518382065
1231106.0
1231106.2518382065
1231116.0
1231116.2518382065
1231126.0
1231126.2518382065
1231136.0
1231146.0
1231156.0
1231166.0
1231176.0
1231186.0
1231196.0
1231206.0
1231216.0
1231226.0
1231236.0
1231246.0
1231256.0
1231266.0
1231276.0
1231286.0
1231296.0
1231306.0
1231316.0
1231326.0
1231336.0
1231346.0
1231356.0
1231366.0
1231376.0
1231386.0
1231396.0
1231406.0
1231416.0
1231426.0
1231436.0
1231437.6424354645
1231446.0
1231456.0
1231466.0
1231476.0
1231486.0
1231496.0
1231506.0
1231516.0
1231526.0
1231536.0
1231546.0
1231556.0
1231566.0
1231576.0
1231586.0
1231596.0
1231606.0
1231616.0
1231626.0
1231636.0
1231646.0
1231656.0
1231666.0
1231676.0
1231686.0
1231696.0
1454006.0
1454007.557502269
1454016.0
1454017.557502269
1454026.0
1454028.994245077
1454036.0
1454046.0
1454047.557502269
1454056.0
1454057.557502269
1454066.0
1454068.994245077
1454076.0
1454077.557502269
1454086.0
1454096.0
1454097.557502269
1454106.0
1454108.994245077
1454116.0
1454117.557502269
1454126.0
1454128.994245077
1454136.0
1454137.557502269
1454146.0
1454148.994245077
1454156.0
1454157.557502269
1454166.0
1454167.557502269
1454176.0
1454178.994245077
1454186.0
1454187.557502269
1454196.0
1454206.0
1454207.557502269
1454216.0
1454217.557502269
1454226.0
1454228.994245077
1454236.0
1454237.557502269
1454246.0
1454247.557502269
1454256.0
1454266.0
1454276.0
1454286.0
1454296.0
1454306.0
1454316.0
1454326.0
1454336.0
1454346.0
1454356.0
1454366.0
1454376.0
1454386.0
1454396.0
1454406.0
1454416.0
1454426.0
1454436.0
1454446.0
1454456.0
1454466.0
1454476.0
1454486.0
1454496.0
1454506.0
1454516.0
1454526.0
1454536.0
1454546.0
1454556.0
1454566.0
1454576.0
1454586.0
1454596.0
1454606.0
1454616.0
1454626.0
1454636.0
1454646.0
1454656.0
1454666.0
1454676.0
1454686.0
1454696.0
1454706.0
1454716.0
1454726.0
1454736.0
1623005.2297091978
1623006.0
1623015.2297091978
1623016.0
1623026.0
1623035.2297091978
1623036.0
1623040.6752343294
1623046.0
1623050.6752343294
1623056.0
1623060.6752343294
1623066.0
1623075.2297091978
1623076.0
1623080.6752343294
1623086.0
1623096.0
1623106.0
1623109.6398768418
1623116.0
1623124.931007899
1623126.0
1623130.6752343294
1623136.0
1623140.6752343294
1623146.0
1623150.6752343294
1623156.0
1623166.0
1623169.0867814687
1623170.6752343294
1623176.0
1623185.2297091978
1623186.0
1623195.2297091978
1623196.0
1623200.6752343294
1623206.0
1623215.2297091978
1623216.0
1623220.6752343294
1623226.0
1623230.6752343294
1623236.0
1623246.0
1623250.6752343294
1623256.0
1623260.6752343294
1623266.0
1623270.6752343294
1623276.0
1623280.6752343294
1623286.0
1623290.6752343294
1623296.0
1623300.6752343294
1623306.0
1623315.2297091978
1623316.0
1623320.6752343294
1623326.0
1623330.6752343294
1623336.0
1623340.6752343294
1623346.0
1623350.6752343294
1623356.0
1623360.6752343294
1623366.0
1623370.6752343294
1623376.0
1623386.0
1623396.0
1623406.0
1623416.0
1623426.0
1623436.0
1623446.0
1623456.0
1623466.0
1623476.0
1623486.0
1623496.0
1623506.0
1623516.0
1623526.0
1623536.0
1623546.0
1623556.0
1623566.0
1623576.0
1623586.0
1623596.0
1623606.0
1623616.0
1623626.0
1623636.0
1623646.0
1623656.0
1623666.0
1623676.0
1623686.0
1623696.0
1623706.0
1623716.0
1623726.0
1623736.0
1623746.0
1623756.0
1623766.0
1623776.0
1660001.3822672842
1660002.0796698816
1660006.0
1660010.643721165
1660010.6437289978
1660010.6437368307
1660016.0
1660021.8385263598
1660021.8385341926
1660021.8385420255
1660021.8385498584
1660021.8385576913
1660026.0
1660033.3744750763
1660036.0
1660043.9718776739
1660046.0
1660050.643721165
1660050.6437289978
1660050.6437368307
1660056.0
1660060.643721165
1660060.6437289978
1660060.6437368307
1660066.0
1660075.1666828687
1660076.0
1660080.643721165
1660080.6437289978
1660080.6437368307
1660086.0
1660096.0
1660106.0
1660109.9255591063
1660109.9255669392
1660116.0
1660120.0463185674
1660120.0463264002
1660126.0
1660136.0
1660146.0
1660150.0463185674
1660150.0463264002
1660156.0
1660166.0
1660176.0
1660180.0463185674
1660180.0463264002
1660186.0
1660194.5692802712
1660196.0
1660206.0
1660216.0
1660223.0333315544
1660223.0333393873
1660223.0333472202
1660223.033355053
1660223.033362886
1660223.0333707188
1660223.0333785517
1660226.0
1660232.0796698816
1660236.0
1660246.0
1660250.0463185674
1660250.0463264002
1660256.0
1660266.0
1660270.0463185674
1660270.0463264002
1660276.0
1660286.0
1660296.0
1660302.677072479
1660302.6770803118
1660303.3744750763
1660306.0
1660316.0
1660321.2411237622
1660321.241131595
1660321.241139428
1660321.2411472609
1660326.0
1660330.643721165
1660330.6437289978
1660330.6437368307
1660336.0
1660341.8385263598
1660341.8385341926
1660341.8385420255
1660341.8385498584
1660341.8385576913
1660346.0
1660350.643721165
1660350.6437289978
1660350.6437368307
1660356.0
1660366.0
1660376.0
1660379.026717662
1660386.0
1660396.0
1660406.0
1660416.0
1660426.0
1660436.0
1660446.0
1660456.0
1660466.0
1660476.0
1660486.0
1660496.0
1660506.0
1660516.0
1660526.0
1660536.0
1660546.0
1660556.0
1660566.0
1660576.0
1660586.0
1660596.0
1660606.0
1660616.0
1660626.0
1660636.0
1660646.0
1660656.0
1660666.0
1660676.0
1660686.0
1660696.0
1660706.0
1660716.0
1660726.0
1660736.0
1660746.0
1660756.0
1660766.0
1660776.0
1660786.0
1660796.0
1660806.0
1660816.0
1660823.091623697
1660826.0
1660836.0
1660846.0
1660856.0
1660866.0
1660876.0
1660886.0
1660896.0
1660906.0
1660916.0
1660926.0
1660936.0
1660946.0
1660956.0
1660966.0
1660976.0
1812006.0
1812008.8015010005
1812016.0
1812018.8015010005
1812026.0
1812028.8015010005
1812036.0
1812038.8015010005
1812046.0
1812048.8015010005
1812049.2002022993
1812056.0
1812066.0
1812076.0
1812078.8015010005
1812079.2002022993
1812086.0
1812096.0
1812098.8015010005
1812106.0
1812108.8015010005
1812116.0
1812118.8015010005
1812126.0
1812128.8015010005
1812136.0
1812138.8015010005
1812146.0
1812148.8015010005
1812156.0
1812158.8015010005
1812166.0
1812176.0
1812178.8015010005
1812179.2002022993
1812186.0
1812196.0
1812206.0
1812216.0
1812218.8015010005
1812226.0
1812228.8015010005
1812236.0
1812238.8015010005
1812246.0
1812248.8015010005
1812256.0
1812258.8015010005
1812259.2002022993
1812266.0
1812276.0
1812279.2002022993
1812286.0
1812289.2002022993
1812296.0
1812306.0
1812316.0
1812318.8015010005
1812326.0
1812328.8015010005
1812336.0
1812338.8015010005
1812346.0
1812348.8015010005
1812356.0
1812358.8015010005
1812366.0
1812368.8015010005
1812376.0
1812386.0
1812396.0
1812406.0
1812416.0
1812426.0
1812436.0
1812446.0
1812456.0
1812466.0
1812476.0
1812486.0
1812496.0
1812506.0
1812516.0
1812526.0
1812536.0
1812546.0
1812556.0
1812566.0
1812576.0
1812586.0
1812596.0
1812606.0
1812616.0
1812626.0
1812636.0
1812646.0
1812656.0
1812666.0
1812676.0
1812686.0
1812696.0
1812706.0
1812716.0
1812726.0
1812736.0
1812746.0
1812756.0
1812766.0
1812776.0
1812786.0
1812796.0
1812800.1507810645
1812806.0
1812816.0
1812826.0
1812836.0
1812846.0
1812856.0
1812866.0
1812876.0
2144001.324744535
2144006.0
2144011.324744535
2144016.0
2144021.324744535
2144026.0
2144031.324744535
2144036.0
2144041.324744535
2144046.0
2144051.324744535
2144056.0
2144061.324744535
2144066.0
2144071.324744535
2144076.0
2144081.324744535
2144086.0
2144091.324744535
2144096.0
2144101.324744535
2144106.0
2144111.324744535
2144116.0
2144126.0
2144131.324744535
2144136.0
2144141.324744535
2144146.0
2144151.324744535
2144156.0
2144161.324744535
2144166.0
2144171.324744535
2144176.0
2144186.0
2144191.324744535
2144196.0
2144201.324744535
2144206.0
2144211.324744535
2144216.0
2144221.324744535
2144226.0
2144231.324744535
2144236.0
2144241.324744535
2144246.0
2144251.324744535
2144256.0
2144261.324744535
2144266.0
2144271.324744535
2144276.0
2144281.324744535
2144286.0
2144291.324744535
2144296.0
2144301.324744535
2144306.0
2144311.324744535
2144316.0
2144321.324744535
2144326.0
2144331.324744535
2144336.0
2144341.324744535
2144346.0
2144356.0
2144361.324744535
2144366.0
2144371.324744535
2144376.0
2144386.0
2144396.0
2144406.0
2144416.0
2144426.0
2144436.0
2144446.0
2144456.0
2144466.0
2144476.0
2144486.0
2144496.0
2144505.2130521825
2144506.0
2144516.0
2144526.0
2144536.0
2144546.0
2144556.0
2144566.0
2144576.0
2144586.0
2144596.0
2144606.0
2144616.0
2144626.0
2144636.0
2144646.0
2144656.0
2144666.0
2144676.0
2144686.0
2144696.0
2144706.0
2144716.0
2144726.0
2144736.0
2144746.0
2312006.0
2312007.478141373
2312016.0
2312017.478141373
2312026.0
2312027.478141373
2312036.0
2312037.478141373
2312046.0
2312047.478141373
2312056.0
2312057.478141373
2312066.0
2312067.478141373
2312076.0
2312077.478141373
2312086.0
2312087.478141373
2312096.0
2312097.478141373
2312106.0
2312116.0
2312117.478141373
2312126.0
2312127.478141373
2312136.0
2312146.0
2312156.0
2312166.0
2312176.0
2312186.0
2312196.0
2312206.0
2312216.0
2312226.0
2312236.0
2312246.0
2312256.0
2312266.0
2312276.0
2312286.0
2312296.0
2312306.0
2312316.0
2312326.0
2312336.0
2312346.0
2312356.0
2312366.0
2312376.0
2312386.0
2312396.0
2312406.0
2312416.0
2312426.0
2312436.0
2312446.0
2312456.0
2312466.0
2312476.0
2312486.0
2312496.0
2312506.0
2312516.0
2312526.0
2312536.0
2312546.0
2312556.0
2312566.0
2312576.0
2312586.0
2312596.0
2312606.0
2312616.0
2312626.0
2312636.0
2312646.0
2312656.0
2312666.0
2312676.0
2312686.0
2312696.0
2312706.0
2312716.0
2312726.0
2312736.0
2312746.0
2312756.0
2312766.0
2312776.0
2312786.0
2312796.0
2726006.0
2726009.0183788
2726016.0
2726019.0183788
2726026.0
2726029.0183788
2726036.0
2726039.0183788
2726046.0
2726056.0
2726059.0183788
2726066.0
2726076.0
2726079.0183788
2726086.0
2726089.0183788
2726096.0
2726099.0183788
2726106.0
2726109.0183788
2726116.0
2726119.0183788
2726126.0
2726129.0183788
2726136.0
2726139.0183788
2726146.0
2726149.0183788
2726156.0
2726159.0183788
2726166.0
2726169.0183788
2726176.0
2726179.0183788
2726186.0
2726189.0183788
2726196.0
2726199.0183788
2726206.0
2726216.0
2726219.0183788
2726226.0
2726229.0183788
2726236.0
2726239.0183788
2726246.0
2726249.0183788
2726256.0
2726266.0
2726276.0
2726286.0
2726296.0
2726306.0
2726316.0
2726326.0
2726336.0
2726346.0
2726356.0
2726366.0
2726376.0
2726386.0
2726396.0
2726406.0
2726416.0
2726426.0
2726436.0
2726446.0
2726456.0
2726466.0
2726476.0
2726486.0
2726496.0
2726506.0
2726516.0
2726526.0
2726536.0
2726546.0
2726556.0
2726566.0
2726576.0
2726586.0
2726596.0
2726606.0
2726616.0
2726626.0
2726636.0
2726646.0
2726656.0
2726666.0
2726676.0
2726686.0
2726696.0
2726706.0
2726716.0
2726726.0
2726736.0
2726746.0
2726756.0
2726766.0
2726776.0
2726786.0
2726796.0
2726806.0
2726816.0
2726826.0
2726836.0
2726846.0
2726856.0
2726866.0
2726876.0
2726886.0
2910006.0
2910006.1428862936
2910016.0
2910016.1428862936
2910026.0
2910026.1428862936
2910036.0
2910046.0
2910046.1428862936
2910056.0
2910056.1428862936
2910066.0
2910066.1428862936
2910076.0
2910076.1428862936
2910086.0
2910086.1428862936
2910096.0
2910096.1428862936
2910106.0
2910106.1428862936
2910116.0
2910126.0
2910126.1428862936
2910136.0
2910146.0
2910156.0
2910166.0
2910176.0
2910186.0
2910196.0
2910206.0
2910216.0
2910226.0
2910236.0
2910246.0
2910256.0
2910266.0
2910276.0
2910276.7902188804
2910286.0
2910296.0
2910306.0
2910316.0
2910326.0
2910336.0
2910346.0
2910356.0
2910366.0
2910376.0
2910386.0
2910396.0
2910406.0
2910416.0
2910426.0
2910436.0
2910446.0
2910456.0
2910466.0
2910476.0
2910486.0
2910496.0
2910506.0
2910516.0
2910526.0
2910536.0
2910546.0
2910556.0
2910566.0
2910576.0
2910586.0
2910596.0
2910606.0
2910616.0
2910626.0
2910636.0
2910646.0
2910656.0
2910666.0
2910676.0
2910686.0
2910696.0
2910706.0
2910716.0
2910726.0
