263006.0
263016.0
263026.0
263036.0
263046.0
263056.0
263066.0
263076.0
263086.0
263096.0
263106.0
263116.0
263126.0
263136.0
263146.0
263156.0
263166.0
263176.0
263186.0
263196.0
263206.0
263216.0
263226.0
263236.0
263246.0
263256.0
263266.0
263276.0
263286.0
263296.0
263306.0
263316.0
263326.0
263336.0
263346.0
263356.0
263366.0
263376.0
263386.0
263396.0
263406.0
263415.11240489304
263415.11241291126
263416.0
263426.0
263436.0
263446.0
263456.0
263466.0
263476.0
263486.0
263496.0
263506.0
263516.0
263526.0
263536.0
263546.0
263556.0
263566.0
263576.0
263586.0
263596.0
263606.0
263616.0
263626.0
263636.0
263646.0
263656.0
263666.0
263676.0
263686.0
263696.0
263706.0
263716.0
263726.0
263736.0
263746.0
263756.0
263766.0
263776.0
263786.0
263796.0
263806.0
263816.0
263826.0
263836.0
263846.0
263856.0
263866.0
263876.0
263886.0
263896.0
263906.0
263916.0
263926.0
263936.0
263946.0
263956.0
263966.0
263976.0
263986.0
263996.0
264006.0
264016.0
264026.0
264036.0
414006.0
414006.0
414014.1940427916
414014.19405080983
414014.19405882806
414014.1940668463
414014.1940748645
414014.1940828827
414014.19409090094
414014.19409891916
414016.0
414016.0
414025.6002632214
414025.60027123964
414025.60027925787
414025.6002872761
414025.6002952943
414025.60030331253
414026.0
414026.0
414036.0
414036.0
414045.91948940663
414045.91949742485
414045.9195054431
414045.9195134613
414045.9195214795
414045.91952949774
414046.0
414046.0
414056.0
414056.0
414056.03284501843
414056.03285303665
414056.0328610549
414056.0328690731
414066.0
414066.0
414072.963887667
414072.9638956852
414072.96390370344
414072.96391172166
414073.6612902644
414073.6612982826
414076.0
414076.0
414084.9471449883
414084.9471530065
414084.9471610247
414084.94716904295
414086.0
414086.0
414096.0
414096.0
414097.22396652465
414097.22397454287
414097.2239825611
414097.2239905793
414105.3343909047
414105.3343989229
414105.33440694114
414105.33441495936
414106.0
414106.0
414107.44109278545
414107.44110080367
414107.4411088219
414107.4411168401
414116.0
414116.0
414126.0
414126.0
414127.1320553542
414127.1320633724
414127.13207139063
414127.13207940885
414136.0
414136.0
414146.0
414146.0
414156.0
414156.0
414166.0
414166.0
414176.0
414176.0
414186.0
414186.0
414196.0
414196.0
414206.0
414206.0
414216.0
414216.0
414226.0
414226.0
414231.91856957215
414231.9185775904
414231.9185856086
414231.9185936268
414231.91860164504
414231.91860966326
414231.9186176815
414231.9186256997
414231.9186337179
414231.91864173615
414231.91864975437
414231.9186577726
414231.9186657908
414231.91867380904
414231.91868182726
414231.9186898455
414231.9186978637
414231.9187058819
414231.91871390014
414231.91872191837
414231.9187299366
414231.9187379548
414231.91874597303
414231.91875399125
414231.9187620095
414231.9187700277
414231.9187780459
414231.91878606414
414231.91879408236
414231.9188021006
414231.9188101188
414231.918818137
414231.91882615525
414231.91883417347
414231.9188421917
414231.9188502099
414231.91885822813
414231.91886624636
414231.9188742646
414231.9188822828
414231.918890301
414231.91889831924
414231.91890633747
414231.9189143557
414231.9189223739
414231.91893039213
414231.91893841035
414231.9189464286
414231.9189544468
414231.918962465
414231.91897048324
414231.91897850146
414231.9189865197
414231.9189945379
414236.0
414236.0
414246.0
414246.0
414256.0
414256.0
414266.0
414266.0
414276.0
414276.0
414286.0
414286.0
414296.0
414296.0
414306.0
414306.0
414316.0
414316.0
414326.0
414326.0
414336.0
414336.0
414346.0
414346.0
414356.0
414356.0
414366.0
414366.0
414376.0
414376.0
414386.0
414386.0
414396.0
414396.0
414406.0
414406.0
414416.0
414416.0
414426.0
414426.0
414436.0
414436.0
414446.0
414446.0
414456.0
414456.0
414466.0
414466.0
414476.0
414476.0
414486.0
414486.0
414496.0
414496.0
414506.0
414506.0
414516.0
414516.0
414526.0
414526.0
414536.0
414536.0
414546.0
414546.0
414556.0
414556.0
414566.0
414566.0
414576.0
414576.0
414586.0
414586.0
414596.0
414596.0
414606.0
414606.0
414616.0
414616.0
414626.0
414626.0
414636.0
414636.0
414646.0
414646.0
414656.0
414656.0
414666.0
414666.0
414676.0
414676.0
414686.0
414686.0
414694.9185856086
414694.9185936268
414696.0
414696.0
414706.0
414706.0
414716.0
414716.0
414726.0
414726.0
414736.0
414736.0
414746.0
414746.0
414756.0
414756.0
414766.0
414766.0
414776.0
414776.0
414786.0
414786.0
414796.0
414796.0
414806.0
414806.0
414816.0
414816.0
414826.0
414826.0
414836.0
414836.0
414846.0
414846.0
414856.0
414856.0
414866.0
414866.0
414876.0
414876.0
414886.0
414886.0
414896.0
414896.0
414906.0
414906.0
414916.0
414916.0
414926.0
414926.0
414936.0
414936.0
414946.0
414946.0
414956.0
414956.0
414966.0
414966.0
414976.0
414976.0
414986.0
414986.0
414996.0
414996.0
415006.0
415006.0
415016.0
415016.0
415026.0
415026.0
415036.0
415036.0
415046.0
415046.0
415056.0
415056.0
415066.0
415066.0
415076.0
415076.0
415086.0
415086.0
