263003.212404893
263003.21241291123
263006.0
263016.0
263026.0
263036.0
263046.0
263056.0
263066.0
263076.0
263086.0
263096.0
263106.0
263116.0
263126.0
263136.0
263146.0
263156.0
263166.0
263176.0
263186.0
263196.0
263206.0
263216.0
263226.0
263236.0
263246.0
263256.0
263266.0
263276.0
263286.0
263296.0
263306.0
263316.0
263326.0
263336.0
263346.0
263356.0
263366.0
263376.0
263386.0
263396.0
263406.0
263415.11240489304
263415.11241291126
263416.0
263426.0
263436.0
263446.0
263456.0
263466.0
263476.0
263486.0
263496.0
263506.0
263516.0
263526.0
263536.0
263546.0
263556.0
263566.0
263576.0
263586.0
263596.0
263606.0
263616.0
263626.0
263636.0
263646.0
263656.0
263666.0
263676.0
263686.0
263696.0
263706.0
263716.0
263726.0
263736.0
263746.0
263756.0
263766.0
263776.0
263786.0
263796.0
263806.0
263816.0
263826.0
263836.0
263846.0
263856.0
414006.0
414015.07977332216
414015.0797813404
414016.0
414026.0
414034.8697089154
414034.86971693364
414034.86972495186
414034.8697329701
414036.0
414044.8697089154
414044.86971693364
414046.0
414054.869692879
414054.8697008972
414056.0
414064.4744610053
414064.4744690235
414066.0
414074.8697089154
414074.86971693364
414076.0
414084.8697730612
414084.8697810794
414086.0
414094.8697730612
414094.8697810794
414096.0
414104.8697409883
414104.8697490065
414106.0
414108.2113407967
414108.21134881495
414116.0
414125.1243278097
414125.12433582795
414126.0
414136.0
414146.0
414156.0
414166.0
414176.0
414186.0
414196.0
414206.0
414216.0
414226.0
414231.3744449689
414231.3744529871
414231.3744610053
414231.37446902355
414231.37447704177
414231.37448506
414231.3744930782
414231.37450109643
414231.37450911466
414231.3745171329
414231.3745251511
414231.3745331693
414231.37454118754
414231.37454920576
414231.374557224
414231.3745652422
414231.37457326043
414231.37458127865
414231.3745892969
414231.3745973151
414231.3746053333
414231.37461335154
414236.0
414246.0
414256.0
414266.0
414276.0
414286.0
414296.0
414306.0
414316.0
414326.0
414336.0
414346.0
414356.0
414366.0
414376.0
414386.0
414396.0
414406.0
414416.0
414426.0
414436.0
414446.0
414456.0
414466.0
414476.0
414486.0
414496.0
414506.0
414516.0
414526.0
414536.0
414546.0
414556.0
414566.0
414576.0
414586.0
414596.0
414606.0
414616.0
414626.0
414636.0
414646.0
414656.0
414666.0
414676.0
414686.0
414694.3744610053
414694.37446902355
414696.0
414706.0
414716.0
414726.0
414736.0
414746.0
414756.0
414766.0
414776.0
414786.0
414796.0
414806.0
414816.0
414826.0
414836.0
414846.0
414856.0
414866.0
414876.0
414886.0
414896.0
414906.0
414916.0
414926.0
414936.0
414946.0
414956.0
414966.0
841005.3150586355
841006.0
841015.3150586355
841016.0
841026.0
841036.0
841045.3150586355
841046.0
841055.3150586355
841056.0
841065.3150586355
841066.0
841076.0
841083.0029633286
841085.3150586355
841086.0
841095.3150586355
841096.0
841105.3150586355
841106.0
841115.3150586355
841116.0
841125.3150586355
841126.0
841136.0
841146.0
841156.0
841166.0
841176.0
841186.0
841196.0
841206.0
841216.0
841226.0
841236.0
841246.0
841256.0
841266.0
841276.0
841286.0
841296.0
841306.0
841316.0
841326.0
841336.0
841346.0
841356.0
841366.0
841376.0
841386.0
841396.0
841406.0
841416.0
841426.0
841436.0
841446.0
841456.0
841466.0
841476.0
841486.0
841496.0
841506.0
841516.0
841526.0
841536.0
841546.0
841556.0
841566.0
841576.0
841586.0
841596.0
841606.0
841616.0
841626.0
841636.0
841646.0
841656.0
841666.0
841676.0
841686.0
841696.0
841706.0
841716.0
841726.0
841736.0
841746.0
841756.0
841766.0
841776.0
841786.0
841796.0
841806.0
841816.0
841826.0
841836.0
841846.0
841856.0
841866.0
841876.0
841886.0
841896.0
841906.0
841916.0
841926.0
841936.0
841946.0
841956.0
841966.0
841976.0
841986.0
841996.0
842006.0
842016.0
842026.0
1049005.3381531697
1049006.0
1049015.2529494758
1049016.0
1049025.3381531697
1049026.0
1049035.3381531697
1049036.0
1049045.3381531697
1049046.0
1049046.0355557671
1049056.0
1049065.3381531697
1049066.0
1049075.3381531697
1049076.0
1049085.3381531697
1049086.0
1049095.2529494758
1049096.0
1049105.3381531697
1049106.0
1049115.3381531697
1049116.0
1049116.0355557671
1049126.0
1049136.0
1049136.0475386726
1049146.0
1049156.0
1049166.0
1049176.0
1049186.0
1049196.0
1049206.0
1049216.0
1049226.0
1049236.0
1049246.0
1049256.0
1049266.0
1049276.0
1049286.0
1049296.0
1049306.0
1049316.0
1049326.0
1049336.0
1049346.0
1049356.0
1049366.0
1049376.0
1049386.0
1049396.0
1049406.0
1049416.0
1049426.0
1049436.0
1049446.0
1049456.0
1049466.0
1049476.0
1049486.0
1049496.0
1049506.0
1049516.0
1049526.0
1049536.0
1049546.0
1049556.0
1049566.0
1049576.0
1049586.0
1049596.0
1049606.0
1049616.0
1049626.0
1049636.0
1049646.0
1049656.0
1049666.0
1049676.0
1049686.0
1049696.0
1049706.0
1049716.0
1049726.0
1049736.0
1049746.0
1049756.0
1049766.0
1049776.0
1049786.0
1049796.0
1049806.0
1049816.0
1049826.0
1049836.0
1049846.0
1049856.0
1049866.0
1049876.0
1049886.0
1049896.0
1049906.0
1049916.0
1049926.0
1049936.0
1049946.0
1049956.0
1049966.0
1049976.0
1049986.0
1049996.0
1050006.0
1050016.0
1050026.0
1050036.0
1050046.0
1050056.0
1099006.0
1099007.2529534816
1099007.2529617073
1099016.0
1099026.0
1099036.0
1099045.958148287
1099046.0
1099050.2399664687
1099050.2399746943
1099050.23998292
1099050.2399911457
1099050.2399993713
1099050.240007597
1099050.2400158227
1099056.0
1099057.8503560792
1099057.8503643048
1099057.8503725305
1099066.0
1099076.0
1099086.0
1099095.958148287
1099095.9581565126
1099095.9581647383
1099096.0
1099106.0
1099110.8373690662
1099110.8373772919
1099110.8373855175
1099110.8373937432
1099110.837401969
1099110.8374101946
1099110.8374184202
1099110.837426646
1099116.0
1099117.8503560792
1099117.8503643048
1099117.8503725305
1099126.0
1099127.8503560792
1099127.8503643048
1099127.8503725305
1099136.0
1099139.045161274
1099139.0451694997
1099139.0451777254
1099139.045185951
1099139.0451941767
1099146.0
1099147.8503560792
1099147.8503643048
1099147.8503725305
1099156.0
1099166.0
1099176.0
1099186.0
1099187.8711155402
1099187.8711237658
1099187.8711319915
1099196.0
1099206.0
1099207.2529534816
1099207.2529617073
1099216.0
1099217.8503560792
1099217.8503643048
1099217.8503725305
1099226.0
1099227.8503560792
1099227.8503643048
1099227.8503725305
1099236.0
1099237.8503560792
1099237.8503643048
1099237.8503725305
1099246.0
1099247.8503560792
1099247.8503643048
1099247.8503725305
1099256.0
1099266.0
1099276.0
1099286.0
1099296.0
1099306.0
1099316.0
1099326.0
1099336.0
1099346.0
1099356.0
1099366.0
1099376.0
1099386.0
1099396.0
1099406.0
1099416.0
1099426.0
1099436.0
1099446.0
1099456.0
1099466.0
1099476.0
1099486.0
1099496.0
1099506.0
1099516.0
1099526.0
1099536.0
1099546.0
1099556.0
1099566.0
1099576.0
1099586.0
1099596.0
1099606.0
1099616.0
1099626.0
1099636.0
1099646.0
1099656.0
1099666.0
1099676.0
1099677.673209453
1099686.0
1099696.0
1099706.0
1099716.0
1099726.0
1099736.0
1099746.0
1099756.0
1099766.0
1099776.0
1099786.0
1099796.0
1099806.0
1099816.0
1099826.0
1099836.0
1099846.0
1099856.0
1099866.0
1099876.0
1099886.0
1162006.0
1162009.641761695
1162016.0
1162019.641761695
1162026.0
1162029.641761695
1162036.0
1162039.641761695
1162046.0
1162049.641761695
1162056.0
1162059.641761695
1162066.0
1162069.641761695
1162076.0
1162079.641761695
1162086.0
1162089.641761695
1162096.0
1162099.641761695
1162106.0
1162109.641761695
1162116.0
1162119.641761695
1162126.0
1162129.641761695
1162136.0
1162139.641761695
1162146.0
1162149.641761695
1162156.0
1162159.641761695
1162166.0
1162169.641761695
1162176.0
1162179.641761695
1162186.0
1162189.641761695
1162196.0
1162199.641761695
1162206.0
1162216.0
1162219.641761695
1162226.0
1162229.641761695
1162236.0
1162239.641761695
1162246.0
1162249.641761695
1162256.0
1162266.0
1162276.0
1162286.0
1162296.0
1162306.0
1162316.0
1162326.0
1162336.0
1162346.0
1162356.0
1162366.0
1162376.0
1162386.0
1162396.0
1162406.0
1162416.0
1162426.0
1162436.0
1162446.0
1162456.0
1162466.0
1162476.0
1162486.0
1162496.0
1162506.0
1162516.0
1162526.0
1162536.0
1162546.0
1162556.0
1162566.0
1162576.0
1162586.0
1162596.0
1162606.0
1162616.0
1162626.0
1162636.0
1162646.0
1162656.0
1162666.0
1162676.0
1162686.0
1162696.0
1162706.0
1162716.0
1162726.0
1162736.0
1162746.0
1162756.0
1162766.0
1162776.0
1162786.0
1162796.0
1162806.0
1162816.0
1162826.0
1162836.0
1162846.0
1315006.0
1315016.0
1315024.8638758347
1315026.0
1315034.8638758347
1315036.0
1315044.8638758347
1315046.0
1315054.8638758347
1315056.0
1315064.8638758347
1315066.0
1315074.8638758347
1315076.0
1315084.8638758347
1315086.0
1315094.8638758347
1315096.0
1315104.8638758347
1315106.0
1315114.8638758347
1315116.0
1315124.8638758347
1315126.0
1315136.0
1315146.0
1315156.0
1315166.0
1315176.0
1315186.0
1315196.0
1315206.0
1315216.0
1315226.0
1315236.0
1315246.0
1315256.0
1315266.0
1315276.0
1315286.0
1315296.0
1315306.0
1315316.0
1315326.0
1315336.0
1315346.0
1315356.0
1315366.0
1315376.0
1315386.0
1315396.0
1315406.0
1315416.0
1315426.0
1315436.0
1315446.0
1315456.0
1315466.0
1315476.0
1315486.0
1315496.0
1315506.0
1315516.0
1315526.0
1315536.0
1315546.0
1315556.0
1315566.0
1315576.0
1315586.0
1315596.0
1315606.0
1315616.0
1315626.0
1315636.0
1315646.0
1315656.0
1315666.0
1315676.0
1315686.0
1315696.0
1315706.0
1315716.0
1315726.0
1315736.0
1315746.0
1315756.0
1479004.851386516
1479006.0
1479014.851386516
1479016.0
1479024.851386516
1479026.0
1479036.0
1479044.851386516
1479046.0
1479054.851386516
1479056.0
1479064.851386516
1479066.0
1479074.851386516
1479076.0
1479084.851386516
1479086.0
1479094.851386516
1479096.0
1479104.851386516
1479106.0
1479114.851386516
1479116.0
1479124.851386516
1479126.0
1479136.0
1479146.0
1479156.0
1479166.0
1479176.0
1479186.0
1479196.0
1479206.0
1479216.0
1479226.0
1479236.0
1479246.0
1479256.0
1479266.0
1479276.0
1479286.0
1479296.0
1479306.0
1479316.0
1479326.0
1479336.0
1479346.0
1479356.0
1479366.0
1479376.0
1479386.0
1479396.0
1479406.0
1479416.0
1479426.0
1479436.0
1479446.0
1479456.0
1479466.0
1479476.0
1479486.0
1479496.0
1479506.0
1479516.0
1479526.0
1479536.0
1479546.0
1479556.0
1479566.0
1479576.0
1479586.0
1479596.0
1479606.0
1479616.0
1479626.0
1479636.0
1479646.0
1479656.0
1479666.0
1479676.0
1479686.0
1479696.0
1479706.0
1479716.0
1479726.0
1479736.0
1479746.0
1479756.0
1479766.0
1479776.0
1479786.0
1479796.0
1479806.0
1479816.0
1479826.0
1479836.0
1479846.0
1479856.0
1479866.0
1479876.0
1479886.0
1479896.0
1479906.0
1479916.0
1479926.0
1479936.0
1479946.0
1479956.0
1479966.0
1479976.0
1479986.0
1479996.0
1480006.0
1480016.0
1480026.0
1480036.0
1480046.0
1480056.0
1480066.0
1480076.0
1480086.0
1480096.0
1480106.0
1480116.0
1480126.0
1480136.0
1480146.0
1480156.0
1480166.0
1480176.0
1480186.0
1524006.0
1524007.429496257
1524016.0
1524017.429496257
1524026.0
1524027.429496257
1524036.0
1524037.429496257
1524046.0
1524047.429496257
1524056.0
1524057.429496257
1524066.0
1524067.429496257
1524076.0
1524077.429496257
1524086.0
1524087.429496257
1524096.0
1524097.429496257
1524106.0
1524107.429496257
1524116.0
1524117.429496257
1524126.0
1524127.429496257
1524136.0
1524137.429496257
1524146.0
1524147.429496257
1524156.0
1524157.429496257
1524166.0
1524176.0
1524177.429496257
1524186.0
1524196.0
1524197.429496257
1524206.0
1524207.429496257
1524216.0
1524217.429496257
1524226.0
1524236.0
1524237.429496257
1524246.0
1524256.0
1524266.0
1524276.0
1524286.0
1524296.0
1524306.0
1524316.0
1524326.0
1524336.0
1524346.0
1524356.0
1524366.0
1524376.0
1524386.0
1524396.0
1524406.0
1524416.0
1524426.0
1524436.0
1524446.0
1524456.0
1524466.0
1524468.0914406863
1524476.0
1524486.0
1524496.0
1524506.0
1524516.0
1524526.0
1524536.0
1524546.0
1524556.0
1524566.0
1524576.0
1524586.0
1524596.0
1524606.0
1524616.0
1524626.0
1524636.0
1524646.0
1524656.0
1524666.0
1524676.0
1524686.0
1524696.0
1524706.0
1524716.0
1524726.0
1524736.0
1524746.0
1524756.0
1524766.0
1524776.0
1524786.0
1524796.0
1524806.0
1524816.0
1524826.0
1524836.0
1524846.0
1524856.0
1524866.0
1524876.0
1524886.0
1524896.0
1524906.0
1524916.0
1524926.0
1524936.0
1524946.0
1524956.0
1524966.0
1524976.0
1524986.0
1524996.0
1525006.0
1525016.0
1525026.0
1525036.0
1525046.0
1525056.0
1525066.0
1525076.0
1525086.0
1525096.0
1661006.0
1661007.4785685227
1661016.0
1661017.4785685227
1661026.0
1661027.4785685227
1661036.0
1661037.4785685227
1661046.0
1661047.4785685227
1661052.115976819
1661056.0
1661057.4785685227
1661066.0
1661076.0
1661077.4785685227
1661086.0
1661087.4785685227
1661096.0
1661097.4785685227
1661106.0
1661107.4785685227
1661116.0
1661117.4785685227
1661126.0
1661136.0
1661137.4785685227
1661146.0
1661147.4785685227
1661156.0
1661157.4785685227
1661166.0
1661167.4785685227
1661176.0
1661186.0
1661196.0
1661206.0
1661207.4785685227
1661216.0
1661217.4785685227
1661226.0
1661227.4785685227
1661236.0
1661246.0
1661256.0
1661266.0
1661276.0
1661286.0
1661296.0
1661306.0
1661316.0
1661326.0
1661336.0
1661346.0
1661356.0
1661366.0
1661376.0
1661386.0
1661396.0
1661406.0
1661416.0
1661426.0
1661436.0
1661446.0
1661456.0
1661466.0
1661476.0
1661486.0
1661496.0
1661506.0
1661516.0
1661526.0
1661536.0
1661546.0
1661556.0
1661566.0
1661576.0
1661586.0
1661596.0
1661606.0
1661616.0
1661626.0
1661636.0
1661646.0
1661656.0
1661666.0
1661676.0
1661686.0
1661696.0
1661706.0
1661716.0
1661726.0
1661736.0
1661746.0
1661756.0
1661766.0
1661776.0
1661786.0
1661796.0
1661806.0
1661816.0
1661826.0
1661836.0
1661846.0
1661856.0
1661866.0
1661876.0
1661886.0
1661896.0
1661906.0
1661916.0
1661926.0
1661936.0
1661946.0
1661956.0
1661966.0
1661976.0
1661986.0
1661996.0
1662006.0
1662016.0
1662026.0
1662036.0
1662046.0
1662056.0
1662066.0
1662076.0
1662086.0
1662096.0
1662106.0
1662116.0
1662126.0
1662136.0
