423003.2522724321
423003.2522800922
423006.0
423016.0
423026.0
423036.0
423046.0
423056.0
423066.0
423076.0
423086.0
423096.0
423106.0
423116.0
423126.0
423136.0
423146.0
423156.0
423166.0
423176.0
423186.0
423196.0
423206.0
423216.0
423226.0
423236.0
423246.0
423256.0
423266.0
423276.0
423286.0
423296.0
423306.0
423316.0
423326.0
423336.0
423346.0
423356.0
423366.0
423376.0
423386.0
423396.0
423406.0
423416.0
423426.0
423436.0
423446.0
423456.0
423466.0
423476.0
423486.0
423496.0
423506.0
423516.0
423526.0
423536.0
423546.0
423556.0
423566.0
423576.0
423586.0
423596.0
423606.0
423616.0
423626.0
423636.0
423646.0
423656.0
423666.0
423676.0
423686.0
423696.0
423706.0
423716.0
423726.0
423736.0
423746.0
423756.0
423766.0
423776.0
423786.0
423796.0
423806.0
423816.0
423826.0
423836.0
423846.0
423856.0
423866.0
616006.0
616007.3988106898
616007.3988183499
616016.0
616017.3988106898
616017.3988183499
616026.0
616027.3988106898
616027.3988183499
616036.0
616037.3988106898
616037.3988183499
616046.0
616047.3988106898
616047.3988183499
616056.0
616057.3988106898
616057.3988183499
616066.0
616076.0
616086.0
616096.0
616106.0
616116.0
616126.0
616136.0
616146.0
616156.0
616166.0
616176.0
616186.0
616196.0
616206.0
616216.0
616226.0
616236.0
616246.0
616256.0
616266.0
616276.0
616286.0
616296.0
616306.0
616316.0
616326.0
616336.0
616346.0
616356.0
616366.0
616376.0
616386.0
616396.0
616406.0
616416.0
616426.0
616436.0
616446.0
616456.0
616466.0
616476.0
616486.0
616496.0
616506.0
616516.0
616526.0
616536.0
616546.0
616556.0
616566.0
616576.0
616586.0
616596.0
616606.0
616616.0
616626.0
616636.0
616646.0
616656.0
616666.0
616676.0
616686.0
616696.0
616706.0
616716.0
616726.0
616736.0
616746.0
616756.0
616766.0
616776.0
616786.0
616796.0
616806.0
616816.0
616826.0
616836.0
616846.0
616856.0
616866.0
616876.0
616886.0
616896.0
616906.0
616916.0
616926.0
616936.0
616946.0
616956.0
616966.0
616976.0
616986.0
616996.0
617006.0
617016.0
617026.0
617036.0
617046.0
617056.0
617066.0
617076.0
617086.0
617096.0
617106.0
770006.0
770016.0
770026.0
770036.0
770046.0
770056.0
770066.0
770076.0
770086.0
770096.0
770106.0
770116.0
770126.0
770136.0
770146.0
770156.0
770166.0
770176.0
770186.0
770196.0
770206.0
770216.0
770226.0
770236.0
770246.0
770256.0
770266.0
770276.0
770286.0
770296.0
770306.0
770316.0
770326.0
770336.0
770346.0
770356.0
770366.0
770376.0
770386.0
770396.0
770406.0
770416.0
770426.0
770436.0
770446.0
770456.0
770466.0
770476.0
770486.0
770496.0
770506.0
770516.0
770526.0
770536.0
770546.0
770556.0
770566.0
770576.0
770586.0
770596.0
770606.0
770616.0
770626.0
770636.0
770646.0
770656.0
770666.0
770676.0
770686.0
770696.0
770706.0
770716.0
770726.0
770727.8120423624
770727.8120500225
770736.0
770746.0
770756.0
770766.0
770776.0
770786.0
770796.0
770806.0
770816.0
770826.0
770836.0
770846.0
770856.0
770866.0
770876.0
770886.0
770896.0
770906.0
770916.0
770926.0
770936.0
770946.0
770956.0
770966.0
770976.0
770986.0
770996.0
771003.9120423624
771003.9120500225
771006.0
771016.0
771026.0
771036.0
771046.0
771056.0
771066.0
771069.8120423624
771069.8120500225
771076.0
771086.0
771096.0
771106.0
771116.0
771126.0
771136.0
771146.0
771156.0
771166.0
771176.0
771186.0
771196.0
1052003.830863613
1052006.0
1052013.830863613
1052016.0
1052023.830863613
1052026.0
1052036.0
1052043.830863613
1052046.0
1052053.830863613
1052056.0
1052066.0
1052073.830863613
1052076.0
1052083.830863613
1052086.0
1052093.830863613
1052096.0
1052103.830863613
1052106.0
1052113.830863613
1052116.0
1052123.830863613
1052126.0
1052136.0
1052146.0
1052156.0
1052166.0
1052176.0
1052186.0
1052196.0
1052206.0
1052216.0
1052226.0
1052236.0
1052237.7562966004
1052246.0
1052256.0
1052266.0
1052276.0
1052286.0
1052296.0
1052306.0
1052316.0
1052326.0
1052336.0
1052346.0
1052356.0
1052366.0
1052376.0
1052386.0
1052396.0
1052406.0
1052416.0
1052426.0
1052436.0
1052446.0
1052456.0
1052466.0
1052476.0
1052486.0
1052496.0
1052506.0
1052516.0
1052526.0
1052536.0
1052546.0
1052556.0
1052566.0
1052576.0
1052586.0
1052596.0
1052606.0
1052616.0
1052626.0
1052636.0
1052646.0
1052656.0
1052666.0
1052676.0
1052686.0
1052696.0
1052706.0
1052716.0
1052726.0
1052736.0
1052746.0
1052756.0
1052766.0
1052776.0
1052786.0
1052796.0
1052806.0
1052816.0
1052826.0
1052836.0
1052846.0
1052856.0
1052866.0
1052876.0
1052886.0
1052896.0
1052906.0
1052916.0
1052926.0
1052936.0
1052946.0
1052956.0
1052966.0
1052976.0
1052986.0
1052996.0
1053006.0
1053016.0
1190006.0
1190008.5406109274
1190016.0
1190018.5406109274
1190026.0
1190036.0
1190038.5406109274
1190046.0
1190048.5406109274
1190056.0
1190058.5406109274
1190066.0
1190068.5406109274
1190076.0
1190078.5406109274
1190086.0
1190088.5406109274
1190096.0
1190106.0
1190108.5406109274
1190116.0
1190118.5406109274
1190126.0
1190128.5406109274
1190136.0
1190138.5406109274
1190146.0
1190148.5406109274
1190156.0
1190158.5406109274
1190166.0
1190176.0
1190178.5406109274
1190186.0
1190188.5406109274
1190196.0
1190206.0
1190208.5406109274
1190216.0
1190218.5406109274
1190226.0
1190228.5406109274
1190236.0
1190238.5406109274
1190246.0
1190248.5406109274
1190256.0
1190266.0
1190276.0
1190286.0
1190296.0
1190306.0
1190316.0
1190326.0
1190336.0
1190346.0
1190356.0
1190366.0
1190376.0
1190386.0
1190396.0
1190406.0
1190416.0
1190426.0
1190436.0
1190446.0
1190456.0
1190466.0
1190476.0
1190486.0
1190496.0
1190506.0
1190516.0
1190526.0
1190536.0
1190546.0
1190556.0
1190566.0
1190576.0
1190586.0
1190596.0
1190606.0
1190616.0
1190626.0
1190636.0
1190646.0
1190656.0
1190666.0
1190676.0
1190686.0
1190696.0
1190706.0
1190716.0
1190726.0
1190736.0
1190746.0
1190756.0
1190766.0
1190776.0
1190786.0
1190796.0
1190806.0
1190816.0
1190826.0
1190836.0
1190846.0
1190856.0
1190866.0
1190876.0
1190886.0
1190896.0
1190906.0
1190916.0
1190926.0
1190936.0
1190946.0
1190956.0
1190966.0
1190976.0
1190986.0
1190996.0
1191006.0
1191016.0
1191026.0
1191036.0
1191046.0
1191056.0
1191066.0
1191076.0
1191086.0
1191096.0
1368006.0
1368016.0
1368024.7438885153
1368026.0
1368034.7438885153
1368036.0
1368044.7438885153
1368046.0
1368054.7438885153
1368056.0
1368064.7438885153
1368066.0
1368074.7438885153
1368076.0
1368086.0
1368094.7438885153
1368096.0
1368104.7438885153
1368106.0
1368114.7438885153
1368116.0
1368124.7438885153
1368126.0
1368136.0
1368146.0
1368156.0
1368166.0
1368176.0
1368186.0
1368196.0
1368206.0
1368216.0
1368226.0
1368236.0
1368246.0
1368256.0
1368266.0
1368276.0
1368286.0
1368296.0
1368306.0
1368316.0
1368326.0
1368336.0
1368346.0
1368356.0
1368366.0
1368376.0
1368386.0
1368396.0
1368406.0
1368416.0
1368426.0
1368436.0
1368446.0
1368456.0
1368466.0
1368476.0
1368486.0
1368496.0
1368506.0
1368516.0
1368526.0
1368536.0
1368546.0
1368556.0
1368566.0
1368576.0
1368586.0
1368596.0
1368606.0
1368616.0
1368626.0
1368636.0
1368646.0
1368656.0
1368666.0
1368676.0
1368686.0
1368696.0
1368706.0
1368716.0
1368726.0
1368736.0
1368746.0
1368756.0
1368766.0
1368776.0
1368786.0
1368796.0
1368806.0
1368816.0
1368826.0
1368836.0
1368846.0
1368856.0
1368866.0
1368876.0
1368886.0
1368896.0
1368906.0
1368916.0
1368926.0
1368936.0
1368946.0
1368956.0
1368966.0
1368976.0
1368986.0
1368996.0
1369006.0
1369016.0
1369026.0
1369036.0
1369046.0
1369056.0
1369066.0
1369076.0
1369086.0
1369096.0
1369106.0
1369116.0
1369126.0
1369136.0
1369146.0
1369156.0
1369166.0
1369176.0
1369186.0
1755006.0
1755008.504519354
1755016.0
1755018.504519354
1755026.0
1755028.504519354
1755036.0
1755038.504519354
1755046.0
1755048.504519354
1755056.0
1755058.504519354
1755066.0
1755068.504519354
1755076.0
1755078.504519354
1755086.0
1755088.504519354
1755096.0
1755098.504519354
1755106.0
1755108.504519354
1755116.0
1755118.504519354
1755126.0
1755128.504519354
1755136.0
1755138.504519354
1755146.0
1755148.504519354
1755156.0
1755158.504519354
1755166.0
1755168.504519354
1755176.0
1755178.504519354
1755186.0
1755188.504519354
1755196.0
1755198.504519354
1755206.0
1755208.504519354
1755216.0
1755218.504519354
1755226.0
1755228.504519354
1755236.0
1755238.504519354
1755246.0
1755248.504519354
1755256.0
1755266.0
1755276.0
1755286.0
1755296.0
1755306.0
1755316.0
1755326.0
1755336.0
1755346.0
1755356.0
1755366.0
1755376.0
1755386.0
1755396.0
1755406.0
1755416.0
1755426.0
1755436.0
1755446.0
1755456.0
1755466.0
1755476.0
1755486.0
1755496.0
1755506.0
1755516.0
1755526.0
1755536.0
1755546.0
1755556.0
1755566.0
1755576.0
1755586.0
1755596.0
1755606.0
1755616.0
1755626.0
1755636.0
1755646.0
1755656.0
1755666.0
1755676.0
1755686.0
1755688.2389816004
1755696.0
1755706.0
1755716.0
1755726.0
1755736.0
1755746.0
1755756.0
1755766.0
1755776.0
1755786.0
1755796.0
1755806.0
