0
13.995065141843952
14.463346649336017
23.297662544442574
23.76594405193464
27.099999999998545
33.29766254442802
37.099999999998545
137.6905178195666
137.98921911827347
147.09999999999854
147.10000000000582
147.26227838308841
157.10000000000582
158.08308351246524
167.10000000000582
175.64202142250724
176.46784617035883
177.09999999997672
261.3512808048981
269.37002476042835
269.41154368250864
278.4994403765304
278.8664867206826
288.7457272596657
298.4994403765304
315.8112609909149
318.13590415450744
326.17336470866576
350.2634108263301
356.17336470866576
367.0999999999767
381.195562640205
400.5505823682761
401.0431482245913
418.19535989535507
420.429822907201
431.0431482245913
0
12.778872896360554
13.247154523061909
22.081470298959175
22.54975192566053
32.08147029894462
145.32075374144188
147.62347393053642
155.4255987193901
157.09999999999854
157.71240442540147
157.72831890848465
157.72831890854286
158.92147663593641
165.42559871944832
167.10000000000582
167.72831890854286
1267.367307618726
0
13.022123325990833
23.126968303939066
32.324720728589455
32.79300232548849
137.74025671592972
147.09999999999854
147.10000000000582
157.10000000000582
160.95643776201177
165.03130955946108
165.13615453742386
167.02693963549973
167.10000000000582
1198.2833571106312
1437.0999999999767
0
13.739059377836384
14.207341004537739
23.041656780435005
23.50993840713636
33.041656780435005
33.146501758368686
33.50993840712181
138.22046606651566
147.09999999999854
147.52306346911064
147.5230634691543
157.10000000000582
967.1000000000058
1169.2234341257717
0
14.377181221174396
14.845462847875751
24.724703386847978
25.547710423226818
33.559019162745244
33.67977862377302
53.78462360172125
1098.10475287796
1109.5724729622016
1127.0999999999767
1136.7727568888804
0
14.377181221174396
14.845462847875751
25.547710423226818
33.559019162745244
33.67977862377302
43.78462360172125
47.099999999998545
147.26227838308114
148.10475287795998
155.95942358988395
156.048354084749
156.16911354583863
156.3788035017642
158.09377229420352
165.6338272243447
165.94350910685898
167.10000000000582
176.11198590061394
1127.0999999999767
1127.4701594862854
1320.820851430297
0
13.995065141843952
14.463346649336017
23.297662544442574
23.76594405193464
24.049477475309686
27.099999999998545
33.29766254442802
37.099999999998545
137.98921911827347
147.09999999999854
147.26227838308114
149.42835407130042
157.10000000000582
158.08308351246524
165.62924119550735
167.10000000000582
177.10000000000582
259.0189011362381
260.09716780117014
267.0999999999767
269.37002476042835
279.16518801939674
280.1451676362194
281.5129530582344
282.1579412400606
289.16518801939674
297.80545539117884
298.13590415450744
307.0999999999767
308.13590415450744
318.13590415450744
318.66012740973383
327.0999999999767
1177.0999999999767
0
13.507129168490792
23.10842786978901
33.108427869781735
138.14965400697838
147.75095270827296
148.02889454591786
158.4750107373693
168.67379816269386
177.9448174900608
186.11927190143615
186.88686941599008
187.00762887706514
345.47105140809435
379.1240038285032
388.72530252998695
398.72530252998695
408.72530252998695
409.1044834381901
0
13.507129168490792
23.10842786978901
33.2132720722002
138.14965400697838
157.75095270827296
158.4750107373693
167.75095270824386
167.94481749014813
168.47501073719468
177.9448174900608
186.88686941599008
186.95520655158907
196.88686941599008
259.16143340826966
260.9496929398738
269.51255695545115
379.8488265967462
382.3104965186212
501.68482513190247
698.9311822296586
0
13.507129168490792
23.10842786978901
27.099999999998545
138.14965400697838
147.75095270827296
147.94481749014813
148.4750107373693
157.75095270824386
157.94481749014813
158.67379816269386
167.09999999997672
167.75095270812744
177.09999999997672
177.75095270812744
186.5372392265126
216.11927190143615
355.47105140867643
379.1240038285032
387.10000000009313
389.1044834381901
399.1044834381901
0
13.507129168490792
33.2132720722002
33.302292651700554
138.14965400697838
147.10000000000582
147.75095270827296
148.55319950802368
167.94481749014813
176.36265645874664
177.09999999997672
178.24351878877496
186.88686941599008
196.88686941599008
196.95520655158907
345.47105140867643
379.1240038285032
387.10000000009313
0
13.507129168490792
27.099999999998545
33.302292651700554
138.14965400697838
147.10000000000582
147.75095270827296
157.75095270827296
158.67379816269386
167.75095270812744
167.85579691053135
187.63019324711058
187.75095270812744
196.64208387758117
345.47105140809435
378.89393164310604
380.41468940954655
0
13.507129168490792
27.099999999998545
33.10842786978901
33.2132720722002
138.14965400697838
147.10000000000582
147.75095270827296
157.75095270827296
158.67379816269386
168.47501073719468
177.63019324711058
177.75095270812744
188.24351878877496
206.17169422691222
335.49031743442174
378.89393164310604
389.2450552568771
0
13.507129168490792
33.2132720722002
138.14965400697838
147.10000000000582
147.75095270827296
157.75095270824386
157.94481749014813
158.67379816269386
167.75095270812744
167.9448174900608
168.67379816260654
177.75095270812744
186.45112949924078
186.61042101297062
196.5372392265126
196.88686941599008
259.7372087528929
267.10000000009313
268.0836092508398
288.0836092508398
298.0836092508398
378.89393164310604
379.26675616484135
388.4952303445898
388.56935356743634
398.4952303445898
0
13.507129168490792
23.10842786978901
27.099999999998545
33.10842786982539
138.14965400697838
147.75095270827296
157.75095270827296
167.75095270824386
167.9448174900608
177.75095270812744
178.24351878877496
1247.0076288770651
0
13.507129168490792
33.2132720722002
138.14965400697838
147.10000000000582
147.75095270827296
157.75095270827296
157.94481749014813
168.4750107373693
168.67379816260654
187.63019324711058
197.09999999997672
1247.0076288770651
