306002.88275623426
306002.88276430767
306006.0
306016.0
306026.0
306036.0
306046.0
306056.0
306066.0
306076.0
306086.0
306096.0
306106.0
306116.0
306126.0
306136.0
306146.0
306156.0
306166.0
306176.0
306186.0
306196.0
306206.0
306216.0
306226.0
306236.0
306246.0
306256.0
306266.0
306276.0
306286.0
306296.0
306306.0
306316.0
306326.0
306336.0
306346.0
306356.0
306366.0
306376.0
306386.0
306396.0
306406.0
306416.0
306426.0
306436.0
306446.0
306456.0
306466.0
306476.0
306486.0
306496.0
306506.0
306516.0
306526.0
306536.0
306546.0
306556.0
306566.0
306576.0
306586.0
306596.0
306606.0
306616.0
306626.0
306636.0
306646.0
306656.0
306666.0
306676.0
306686.0
306696.0
306706.0
306716.0
306726.0
306736.0
306746.0
306756.0
306766.0
306776.0
306786.0
306796.0
306806.0
306816.0
306826.0
306836.0
306846.0
306856.0
306866.0
306876.0
306886.0
306896.0
306906.0
306916.0
306926.0
306936.0
306946.0
306956.0
306966.0
306976.0
353006.0
353016.0
353026.0
353032.8070359355
353032.8070440089
353036.0
353046.0
353056.0
353066.0
353076.0
353086.0
353096.0
353106.0
353116.0
353126.0
353136.0
353146.0
353156.0
353166.0
353176.0
353186.0
353196.0
353206.0
353216.0
353226.0
353236.0
353246.0
353256.0
353266.0
353276.0
353286.0
353296.0
353306.0
353316.0
353326.0
353336.0
353346.0
353356.0
353366.0
353376.0
353386.0
353396.0
353406.0
353416.0
353426.0
353436.0
353446.0
353456.0
353466.0
353476.0
353486.0
353496.0
353506.0
353516.0
353526.0
353536.0
353546.0
353556.0
353566.0
353576.0
353586.0
353596.0
353606.0
353616.0
353626.0
353636.0
353646.0
353656.0
353658.7892181842
353658.7892262576
353666.0
353676.0
353686.0
353696.0
353706.0
353716.0
353726.0
353736.0
353746.0
353756.0
353766.0
353776.0
353786.0
353796.0
353806.0
353816.0
353826.0
353836.0
353846.0
353856.0
353866.0
353876.0
353886.0
353896.0
353906.0
353916.0
353926.0
353936.0
353946.0
353956.0
389004.56831336126
389004.56832143466
389006.0
389014.56831336126
389014.56832143466
389016.0
389024.56831336126
389024.56832143466
389026.0
389034.56831336126
389034.56832143466
389036.0
389046.0
389054.56831336126
389054.56832143466
389056.0
389066.0
389073.0422384864
389073.0422465598
389076.0
389083.0422384864
389083.0422465598
389086.0
389094.56831336126
389094.56832143466
389096.0
389106.0
389113.0158672615
389113.0158753349
389116.0
389124.1696120626
389124.169620136
389126.0
389133.0422384864
389133.0422465598
389136.0
389146.0
389156.0
389166.0
389176.0
389186.0
389196.0
389206.0
389216.0
389226.0
389236.0
389246.0
389256.0
389266.0
389276.0
389286.0
389296.0
389306.0
389316.0
389326.0
389336.0
389346.0
389356.0
389366.0
389376.0
389386.0
389396.0
389406.0
389416.0
389426.0
389436.0
389446.0
389456.0
389466.0
389476.0
389486.0
389496.0
389506.0
389516.0
389526.0
389536.0
389546.0
389556.0
389566.0
389576.0
389586.0
389596.0
389606.0
389616.0
389626.0
389636.0
389646.0
389656.0
389666.0
389676.0
389686.0
389696.0
389706.0
389716.0
389726.0
389736.0
389746.0
389756.0
389766.0
389776.0
389786.0
389796.0
389806.0
389816.0
389826.0
389836.0
389846.0
389856.0
389866.0
389876.0
389886.0
389896.0
389906.0
389916.0
389926.0
389936.0
389946.0
389956.0
389966.0
389976.0
389986.0
389996.0
390006.0
390016.0
390026.0
390036.0
390046.0
390056.0
493003.4075602418
493003.4075683152
493006.0
493013.4075602418
493013.4075683152
493016.0
493023.4075602418
493023.4075683152
493026.0
493033.4075602418
493033.4075683152
493036.0
493045.0088607198
493045.0088687932
493046.0
493055.0088607198
493055.0088687932
493056.0
493063.4075602418
493063.4075683152
493066.0
493073.4075602418
493073.4075683152
493076.0
493083.4075602418
493083.4075683152
493083.4075763886
493083.407584462
493083.4075925354
493083.4076006088
493086.0
493093.4075602418
493093.4075683152
493096.0
493106.0
493113.4075602418
493113.4075683152
493116.0
493123.4075602418
493123.4075683152
493126.0
493133.4075602418
493133.4075683152
493136.0
493146.0
493156.0
493166.0
493176.0
493186.0
493196.0
493206.0
493216.0
493226.0
493236.0
493246.0
493256.0
493266.0
493276.0
493286.0
493296.0
493306.0
493316.0
493326.0
493336.0
493346.0
493356.0
493366.0
493376.0
493386.0
493396.0
493406.0
493416.0
493426.0
493436.0
493446.0
493456.0
493466.0
493476.0
493486.0
493496.0
493506.0
493516.0
493526.0
493536.0
493546.0
493556.0
493566.0
493576.0
493586.0
493596.0
493606.0
493616.0
493626.0
493636.0
493646.0
493656.0
493666.0
493669.4440289169
493669.4440369903
493676.0
493686.0
493696.0
493706.0
493716.0
493726.0
493736.0
493746.0
493756.0
493766.0
493776.0
493786.0
493796.0
493806.0
493816.0
493826.0
493836.0
493846.0
493856.0
493866.0
493876.0
493886.0
493896.0
493906.0
493916.0
493926.0
493936.0
493946.0
493956.0
519004.6625918275
519004.6625999009
519006.0
519007.9176251899
519007.9176332633
519016.0
519026.0
519036.0
519044.6625918275
519044.6625999009
519046.0
519047.9176251899
519047.9176332633
519056.0
519064.6625918275
519064.6625999009
519066.0
519067.9176251899
519067.9176332633
519076.0
519084.6625918275
519084.6625999009
519086.0
519087.9176251899
519087.9176332633
519096.0
519104.6625918275
519104.6625999009
519106.0
519116.0
519124.6625918275
519124.6625999009
519126.0
519136.0
519137.5189238912
519137.5189319646
519137.9176251899
519137.9176332633
519146.0
519154.6625918275
519154.6625999009
519156.0
519157.9176251899
519157.9176332633
519166.0
519174.6625918275
519174.6625999009
519176.0
519177.9176251899
519177.9176332633
519186.0
519194.6625918275
519194.6625999009
519196.0
519206.0
519214.6625918275
519214.6625999009
519216.0
519217.9176251899
519217.9176332633
519226.0
519234.6625918275
519234.6625999009
519236.0
519237.9176251899
519237.9176332633
519246.0
519254.6625918275
519254.6625999009
519256.0
519266.0
519276.0
519286.0
519296.0
519306.0
519316.0
519326.0
519336.0
519346.0
519356.0
519366.0
519376.0
519386.0
519396.0
519406.0
519416.0
519426.0
519436.0
519446.0
519456.0
519466.0
519476.0
519486.0
519496.0
519506.0
519516.0
519526.0
519536.0
519546.0
519556.0
519566.0
519576.0
519586.0
519596.0
519606.0
519616.0
519626.0
519632.6990766494
519632.6990847228
519636.0
519646.0
519656.0
519666.0
519676.0
519686.0
519696.0
519706.0
519716.0
519726.0
519736.0
519746.0
519756.0
519766.0
519776.0
519786.0
519796.0
519806.0
519816.0
519826.0
519836.0
519846.0
519856.0
