104002.42155979309
104002.42156747873
104003.25037825965
104003.25038594528
104006.0
104016.0
104026.0
104036.0
104046.0
104056.0
104066.0
104076.0
104086.0
104096.0
104106.0
104116.0
104126.0
104136.0
104146.0
104156.0
104166.0
104176.0
104186.0
104196.0
104206.0
104216.0
104226.0
104236.0
104246.0
104256.0
104266.0
104276.0
104286.0
104296.0
104306.0
104316.0
104326.0
104336.0
104346.0
104356.0
104366.0
104376.0
104386.0
104396.0
104406.0
104416.0
104426.0
104436.0
104446.0
104456.0
104466.0
104476.0
104486.0
104496.0
104506.0
104516.0
104526.0
104536.0
104546.0
104556.0
104566.0
104576.0
104586.0
104596.0
104606.0
104616.0
104626.0
104636.0
104646.0
104656.0
104666.0
104676.0
104686.0
104696.0
104706.0
104716.0
104726.0
104736.0
104746.0
104756.0
104766.0
104776.0
104786.0
104796.0
104806.0
104816.0
104826.0
104836.0
104846.0
104856.0
104866.0
104876.0
104880.15037825964
104880.15038594528
104886.0
104896.0
104906.0
104916.0
104926.0
104929.15037825964
104929.15038594528
104936.0
104946.0
104956.0
104966.0
104976.0
104986.0
104996.0
266006.0
266016.0
266017.43963120604
266017.43963889166
266026.0
266036.0
266037.38606522704
266037.38607291266
266046.0
266047.38606522704
266047.38607291266
266056.0
266057.38606522704
266057.38607291266
266065.7326309766
266065.7326386622
266066.0
266076.0
266077.38606522704
266077.38607291266
266086.0
266087.38606522704
266087.38607291266
266096.0
266097.38606522704
266097.38607291266
266106.0
266107.38606522704
266107.38607291266
266116.0
266117.38606522704
266117.38607291266
266126.0
266127.43963120604
266127.43963889166
266136.0
266146.0
266156.0
266166.0
266176.0
266186.0
266196.0
266206.0
266216.0
266226.0
266236.0
266246.0
266256.0
266266.0
266276.0
266286.0
266296.0
266306.0
266316.0
266326.0
266336.0
266346.0
266356.0
266366.0
266376.0
266386.0
266396.0
266406.0
266416.0
266426.0
266436.0
266446.0
266456.0
266466.0
266476.0
266486.0
266496.0
266506.0
266516.0
266526.0
266536.0
266546.0
266556.0
266566.0
266576.0
266586.0
266596.0
266606.0
266616.0
266626.0
266636.0
266646.0
266656.0
266666.0
266676.0
266686.0
266696.0
266706.0
266716.0
266726.0
266736.0
266746.0
266756.0
266766.0
266776.0
266786.0
266796.0
266806.0
266816.0
266826.0
266836.0
266846.0
266856.0
266866.0
266876.0
266886.0
266896.0
266906.0
266916.0
266926.0
266936.0
266946.0
266956.0
266966.0
266976.0
266986.0
266996.0
267006.0
267016.0
267026.0
267036.0
267046.0
267056.0
267066.0
267076.0
267086.0
267096.0
267106.0
267116.0
589004.2534589451
589004.253466855
589004.253474765
589004.253482675
589004.2534905849
589006.0
589016.0
589017.4816594785
589018.1790620759
589026.0
589034.2534589451
589036.0
589044.2534589451
589046.0
589054.2534589451
589056.0
589066.0
589074.2534589451
589076.0
589086.0
589096.0
589104.2534589451
589106.0
589114.2534589451
589116.0
589124.2534589451
589126.0
589136.0
589146.0
589156.0
589166.0
589176.0
589186.0
589186.3502383993
589196.0
589206.0
589216.0
589226.0
589236.0
589246.0
589256.0
589266.0
589276.0
589286.0
589296.0
589306.0
589316.0
589326.0
589336.0
589346.0
589356.0
589366.0
589376.0
589386.0
589396.0
589406.0
589416.0
589426.0
589436.0
589446.0
589456.0
589466.0
589476.0
589486.0
589496.0
589506.0
589516.0
589526.0
589536.0
589546.0
589556.0
589566.0
589576.0
589586.0
589596.0
589606.0
589616.0
589626.0
589636.0
589646.0
589656.0
589666.0
589676.0
589686.0
589696.0
589706.0
589716.0
589726.0
589736.0
589746.0
589756.0
589766.0
589776.0
589786.0
589796.0
589806.0
589816.0
589826.0
589836.0
589846.0
589856.0
589866.0
589876.0
589886.0
589896.0
589906.0
589916.0
589926.0
589936.0
589946.0
589956.0
589966.0
589976.0
589986.0
589996.0
590006.0
590016.0
590026.0
590036.0
