104003.254819395
104003.25482708064
104006.0
104016.0
104026.0
104036.0
104046.0
104056.0
104066.0
104076.0
104086.0
104096.0
104106.0
104116.0
104126.0
104136.0
104146.0
104156.0
104166.0
104176.0
104186.0
104196.0
104206.0
104216.0
104226.0
104236.0
104246.0
104256.0
104266.0
104276.0
104286.0
104296.0
104306.0
104316.0
104326.0
104336.0
104346.0
104356.0
104366.0
104376.0
104386.0
104396.0
104406.0
104416.0
104426.0
104436.0
104446.0
104456.0
104466.0
104476.0
104486.0
104496.0
104506.0
104516.0
104526.0
104536.0
104546.0
104556.0
104566.0
104576.0
104586.0
104596.0
104606.0
104616.0
104626.0
104636.0
104646.0
104656.0
104666.0
104676.0
104686.0
104696.0
104706.0
104716.0
104726.0
104736.0
104746.0
266006.0
266007.43963120604
266007.43963889166
266007.4396465773
266007.4396542629
266007.43966194853
266007.43966963416
266016.0
266017.4932125563
266017.4932202419
266017.49322792754
266017.49323561316
266017.4932432988
266017.4932509844
266026.0
266027.43963120604
266027.43963889166
266027.4396465773
266027.4396542629
266027.43966194853
266027.43966963416
266027.4396773198
266027.4396850054
266027.439692691
266027.43970037665
266036.0
266037.4396465773
266037.4396542629
266037.43966194853
266037.43966963416
266037.4396773198
266037.4396850054
266046.0
266047.4396465773
266047.4396542629
266047.43966194853
266047.43966963416
266047.4396773198
266047.4396850054
266056.0
266057.4396465773
266057.4396542629
266057.43966194853
266057.43966963416
266057.4396773198
266057.4396850054
266065.78621232684
266065.78622001247
266065.7862276981
266065.7862353837
266065.78624306933
266065.78625075496
266066.0
266076.0
266077.4396465773
266077.4396542629
266077.43966194853
266077.43966963416
266077.4396773198
266077.4396850054
266077.439692691
266077.43970037665
266077.4397080623
266077.4397157479
266086.0
266087.4396465773
266087.4396542629
266087.43966194853
266087.43966963416
266087.4396773198
266087.4396850054
266087.439692691
266087.43970037665
266087.4397080623
266087.4397157479
266096.0
266097.4396465773
266097.4396542629
266097.43966194853
266097.43966963416
266097.4396773198
266097.4396850054
266106.0
266107.4396465773
266107.4396542629
266107.43966194853
266107.43966963416
266107.4396773198
266107.4396850054
266116.0
266117.4396465773
266117.4396542629
266117.43966194853
266117.43966963416
266117.4396773198
266117.4396850054
266126.0
266127.4932125563
266127.4932202419
266127.49322792754
266127.49323561316
266127.4932432988
266127.4932509844
266136.0
266146.0
266156.0
266166.0
266176.0
266186.0
266196.0
266206.0
266216.0
266226.0
266236.0
266246.0
266256.0
266266.0
266276.0
266286.0
266296.0
266306.0
266316.0
266326.0
266336.0
266346.0
266356.0
266366.0
266376.0
266386.0
266396.0
266406.0
266416.0
266426.0
266436.0
266446.0
266456.0
266466.0
266476.0
266486.0
266496.0
266506.0
266516.0
266526.0
266536.0
266546.0
266556.0
266566.0
266576.0
266586.0
266596.0
266606.0
266616.0
266626.0
266636.0
266646.0
266656.0
266666.0
266676.0
266686.0
266696.0
266706.0
266716.0
266726.0
266736.0
266746.0
266756.0
266766.0
266776.0
266786.0
266796.0
266806.0
266816.0
266826.0
266836.0
266846.0
266856.0
266866.0
266876.0
266886.0
266896.0
266906.0
266916.0
266926.0
266936.0
266946.0
266956.0
266966.0
266976.0
266986.0
266996.0
267006.0
267016.0
267026.0
589006.0
589015.6592945278
589016.0
589026.0
589036.0
589046.0
589056.0
589065.2441053074
589065.2441132173
589065.2441211273
589065.2441290373
589065.2441369472
589065.2441448572
589065.2441527671
589065.2441606771
589065.244168587
589065.244176497
589066.0
589075.2441053074
589076.0
589085.2441053074
589085.2441132173
589085.2441211273
589085.2441290373
589085.2441369472
589085.2441448572
589085.2441527671
589085.2441606771
589085.244168587
589085.244176497
589086.0
589095.2441053074
589095.2441132173
589095.2441211273
589095.2441290373
589095.2441369472
589095.2441448572
589095.2441527671
589095.2441606771
589095.244168587
589095.244176497
589095.2441844069
589095.2441923169
589095.2442002269
589095.2442081368
589095.2442160468
589095.2442239567
589095.2442318667
589095.2442397766
589095.2442476866
589095.2442555965
589095.2442635065
589095.2442714164
589095.2442793264
589095.2442872364
589095.2442951463
589095.2443030563
589095.2443109662
589095.2443188762
589095.2443267861
589095.2443346961
589095.244342606
589095.244350516
589096.0
589106.0
589116.0
589126.0
589136.0
589146.0
589156.0
589166.0
589176.0
589186.0
589196.0
589206.0
589216.0
589226.0
589236.0
589246.0
589256.0
589266.0
589276.0
589286.0
589296.0
589306.0
589316.0
589326.0
589336.0
589346.0
589356.0
589366.0
589376.0
589386.0
589396.0
589406.0
589416.0
589426.0
589436.0
589446.0
589456.0
589466.0
589476.0
589486.0
589496.0
589506.0
589516.0
589526.0
589536.0
589546.0
589556.0
589566.0
589576.0
589586.0
589596.0
589606.0
589616.0
589626.0
589636.0
589646.0
589656.0
589666.0
589676.0
589686.0
589696.0
589706.0
589716.0
589726.0
589736.0
589746.0
589756.0
589766.0
589776.0
589786.0
589796.0
589806.0
589816.0
589826.0
589836.0
589846.0
589856.0
589866.0
589876.0
589886.0
589896.0
589906.0
589916.0
589926.0
589936.0
589946.0
589956.0
589966.0
589976.0
589986.0
589996.0
590006.0
590016.0
590026.0
590036.0
590046.0
590056.0
590066.0
590076.0
