214002.78947193176
214002.78948000516
214006.0
214016.0
214026.0
214036.0
214046.0
214056.0
214066.0
214076.0
214086.0
214096.0
214106.0
214116.0
214126.0
214136.0
214146.0
214156.0
214166.0
214176.0
214186.0
214196.0
214206.0
214216.0
214226.0
214236.0
214246.0
214256.0
214266.0
214276.0
214286.0
214296.0
214306.0
214316.0
214326.0
214336.0
214346.0
214356.0
214366.0
214376.0
214386.0
214396.0
214406.0
214416.0
214426.0
214436.0
214446.0
214456.0
214466.0
214476.0
214486.0
214496.0
214506.0
214516.0
214526.0
214536.0
214546.0
214556.0
214566.0
214576.0
214586.0
214596.0
214606.0
214616.0
214626.0
214634.78962427672
214634.78963235012
214636.0
214646.0
214656.0
214666.0
214676.0
214683.78962427672
214683.78963235012
214686.0
214696.0
214706.0
214716.0
214726.0
214736.0
214746.0
422002.31356620893
422002.31357428234
422006.0
422016.0
422026.0
422036.0
422046.0
422056.0
422066.0
422076.0
422086.0
422096.0
422106.0
422116.0
422126.0
422136.0
422146.0
422156.0
422166.0
422176.0
422186.0
422196.0
422206.0
422216.0
422226.0
422236.0
422246.0
422256.0
422266.0
422276.0
422286.0
422296.0
422306.0
422316.0
422326.0
422336.0
422346.0
422356.0
422366.0
422376.0
422386.0
422396.0
422406.0
422416.0
422426.0
422436.0
422446.0
422456.0
422466.0
422476.0
422486.0
422496.0
422506.0
422516.0
422526.0
422536.0
422546.0
422556.0
422566.0
422576.0
422586.0
422596.0
422606.0
422616.0
422626.0
422636.0
422646.0
422656.0
422666.0
422676.0
422686.0
422696.0
422706.0
422716.0
422726.0
422736.0
422746.0
458006.0
458007.4865109931
458007.4865190665
458016.0
458017.7852122918
458017.7852203652
458026.0
458027.7852122918
458027.7852203652
458036.0
458046.0
458047.7852122918
458047.7852203652
458056.0
458057.7852122918
458057.7852203652
458066.0
458076.0
458086.0
458096.0
458106.0
458116.0
458126.0
458136.0
458146.0
458156.0
458166.0
458176.0
458186.0
458196.0
458206.0
458216.0
458226.0
458236.0
458246.0
458256.0
458266.0
458276.0
458286.0
458296.0
458306.0
458316.0
458326.0
458336.0
458346.0
458356.0
458366.0
458376.0
458386.0
458396.0
458406.0
458416.0
458426.0
458436.0
458446.0
458456.0
458466.0
458476.0
458486.0
458496.0
458506.0
458516.0
458526.0
458536.0
458546.0
458556.0
458566.0
458576.0
458586.0
458596.0
458597.4835034042
458597.4835114776
458606.0
458616.0
458626.0
458636.0
458646.0
458646.4835034042
458646.4835114776
458656.0
458666.0
458676.0
458686.0
458696.0
458706.0
458716.0
458726.0
458736.0
458746.0
458756.0
458766.0
458776.0
458786.0
458796.0
458806.0
458816.0
617002.2049610626
617002.204969136
617006.0
617016.0
617026.0
617036.0
617046.0
617056.0
617066.0
617069.8427284389
617069.8427365123
617076.0
617086.0
617096.0
617106.0
617116.0
617118.8427284389
617118.8427365123
617126.0
617136.0
617146.0
617156.0
617166.0
617176.0
617186.0
617196.0
617206.0
617216.0
617226.0
617236.0
617246.0
617256.0
617266.0
617276.0
617286.0
617296.0
617306.0
617316.0
617326.0
617336.0
617346.0
617356.0
617366.0
617376.0
617386.0
617396.0
617406.0
617416.0
617426.0
617436.0
617446.0
617456.0
617466.0
617476.0
617486.0
617496.0
617506.0
617516.0
617526.0
617536.0
617546.0
617556.0
617566.0
617576.0
617586.0
617596.0
617606.0
617616.0
617626.0
617636.0
617646.0
617656.0
617666.0
617676.0
617686.0
617696.0
617706.0
617716.0
617726.0
617736.0
617746.0
617756.0
617766.0
617776.0
617786.0
617796.0
617806.0
617816.0
617826.0
617836.0
617846.0
617856.0
617866.0
617876.0
617886.0
617896.0
617906.0
617916.0
617926.0
617936.0
617946.0
617956.0
617966.0
617976.0
617986.0
617996.0
618006.0
618016.0
618026.0
618036.0
618046.0
618056.0
618066.0
618076.0
618086.0
618096.0
618106.0
618116.0
618126.0
618136.0
618146.0
618156.0
