0
14.070015048961068
23.671313750259287
33.776157952670474
33.77615795272868
147.10000000000582
157.10000000000582
167.10000000000582
177.10000000000582
187.09999999997672
0
13.44100450321639
22.743601905815012
32.74360190581501
32.74360190585139
42.74360190585139
146.11550043776515
156.11550043776515
166.11550043776515
174.8054048976628
175.99474097671919
185.99474097671919
186.099585179094
186.11550043761963
259.5509904783685
380.3672288816888
0
13.44100450321639
22.743601905815012
32.74360190581501
42.743601905807736
136.81290303517017
146.11550043776515
156.11550043776515
166.11550043776515
186.11550043776515
259.5509904783685
380.3672288816888
0
13.44100450321639
22.743601905815012
32.74360190581501
32.74360190585139
136.81290303517017
146.11550043776515
156.11550043776515
166.11550043776515
166.53487724748265
175.99474097671919
176.11550043773605
183.49530935758958
184.91024910003762
185.99474097671919
187.09999999997672
0
13.44100450321639
22.743601905815012
32.74360190581501
42.74360190581501
42.74360190585139
136.81290303517017
146.11550043776515
156.11550043776515
166.11550043776515
176.11550043776515
177.10000000000582
186.11550043773605
187.10000000000582
205.99474097671919
0
13.44100450321639
22.743601905815012
32.74360190581501
32.74360190585139
42.74360190585139
146.11550043776515
156.11550043776515
156.32518884261663
166.11550043776515
176.11550043776515
177.10000000000582
183.49530935758958
187.10000000000582
259.5509904783685
0
13.44100450321639
22.743601905815012
32.74360190581501
42.743601905807736
42.74360190585139
146.11550043776515
156.11550043776515
156.53487724748265
166.11550043776515
186.11550043776515
259.5509904783685
0
13.44100450321639
22.743601905815012
32.74360190581501
42.74360190581501
52.74360190585139
136.81290303517017
146.11550043776515
156.11550043776515
166.11550043776515
175.7497668403812
176.11550043776515
184.8054048976628
186.11550043773605
187.09999999997672
259.5509904783685
0
13.44100450321639
22.743601905815012
32.74360190581501
62.74360190581501
137.10000000000582
146.11550043776515
156.11550043776515
176.11550043776515
177.10000000000582
193.49530935758958
205.99474097671919
259.5509904783685
267.3122935243882
0
14.4865423326155
27.099999999998545
33.78913973521412
43.78913973521412
47.099999999998545
57.099999999998545
138.04622517872485
139.24103037352324
147.34882258131984
147.5585109861713
157.10000000000582
167.5585109861713
177.10000000000582
187.10000000000582
187.36598252244585
187.4951857056585
207.09999999997672
1157.884400962852
1206.7996307602152
0
12.94625227495635
23.051096477367537
42.1280902165272
42.23293441894202
42.35369387996616
52.35369387996616
62.23293441894202
72.23293441894202
149.26540278151515
159.14464332048374
169.14464332048374
169.24948752291675
179.26540278151515
197.10000000000582
257.0996962515637
379.21033766213804
388.81163636338897
390.87911072862335
400.87911072862335
410.87911072862335
420.87911072862335
