0
23.76594405193464
23.7659601987325
24.234225559426704
34.234225559426704
37.099999999998545
37.10000000000582
45.92421819266747
54.21831107637263
147.57915625924943
157.09999999997672
167.09999999997672
177.09999999997672
1117.0999999999767
1238.6713809324428
1247.0259723020718
1327.4531268430874
0
13.715452296561125
22.54975192566053
32.54975192566053
33.018033552361885
33.12289467708615
35.11591683689767
35.42559871939011
35.42559871944832
37.10000000000582
43.12287853035377
47.10000000000582
147.09999999997672
147.26227838307386
147.34531622717623
157.34531622717623
157.69283036730485
157.79661576804938
166.10483518167166
167.09999999997672
167.30379730509594
185.7596267008921
1075.95979721786
0
13.95870266658676
22.793002325488487
22.79301847228635
23.26128392238752
32.79301847228635
33.26130006918538
37.099999999998545
43.26128392237297
43.36612890037941
44.37312669647508
898.4707425629604
1379.1249587500934
0
17.099999999998545
23.50993840713636
27.099999999998545
33.50993840713636
33.509954553912394
33.97823618061375
43.97822003382316
147.09999999997672
147.4283540712786
157.09999999997672
157.34531622717623
157.4283540712786
157.6998167897691
165.6997090135701
167.09999999997672
176.06735210429179
176.17219708225457
183.18702996370848
184.5998854310019
186.0127408982953
196.0127408982953
226.94495305453893
258.6702223746106
258.96892367326654
269.6187484229449
269.86727087246254
278.15199575107545
278.1727552120574
286.7668206698727
381.4153247391805
382.1175725129433
382.8198202867061
391.2263137931004
401.2263137931004
502.7551684891805
522.3564671904314
522.3564671906643
522.5661575444974
523.1204564156942
527.9481521570124
532.4453980834223
533.1204564156942
0
15.313760621374968
25.193001160347194
26.016024343523895
27.099999999998545
34.14806025047437
34.25292137522047
54.25293752201833
54.49558241618797
54.98816425574478
1196.3789616380818
0
15.313760621374968
26.016024343523895
27.099999999998545
34.25292137522047
34.25293752201833
34.72120300192182
37.099999999998545
44.252937521989224
45.108907570021984
54.60044354092679
1189.3669337782776
0
14.931644303625944
23.76594405193464
24.234225559426704
34.234225559426704
37.099999999998545
44.23422555941215
54.21831107637263
157.09999999997672
167.09999999997672
177.09999999997672
1117.8588703962741
1198.931792581221
