0
15.454912481756764
24.757509884351748
24.951374333671993
34.75750988435175
44.75750988435175
45.50593071588082
46.10333331328002
47.10000000000582
57.10000000000582
1136.8997114378144
1169.0578055605292
1275.6868033634964
0
14.2089591479089
23.810257849210757
24.004122298531
33.81025784921076
33.91510271682637
43.79434325580223
53.79434325580223
64.004122298531
138.28654889808968
147.8878475993988
157.76708813838195
157.8878475993988
158.0817120487336
158.30722706980305
158.81235017749714
167.76708813838195
167.8878475993988
168.0817120487336
177.09999999997672
187.8878475993988
267.5930935711367
277.47233411006164
277.69793843873776
287.5930935711367
379.6336405730108
399.2349392742617
408.74773303605616
418.74773303605616
428.74773303605616
0
14.912638947942469
24.513937649244326
34.513937649244326
44.513937649244326
54.513937649244326
54.51393764928798
64.39317818824202
1006.9306117270025
1121.2210105054546
0
14.821958348729822
34.617121499351924
44.423257049929816
47.09999999997672
137.43973951088265
147.04103821219178
157.04103821219178
167.04103821219178
177.04103821219178
266.6764675945742
267.0999999999767
276.6764675945742
286.6764675945742
297.0999999999767
306.6764675945742
1129.1672207684023
0
13.8361102919298
33.243552562140394
43.01794823350065
53.12279310111626
63.12279310111626
147.09999999997672
157.05544551240746
157.09999999997672
166.66772463195957
166.74392960540717
167.09999999997672
270.2603266775841
277.0999999999767
279.6470014684601
287.0999999999767
296.86594774597324
380.5225565886358
383.6195168668637
1096.5714112471323
0
13.8361102919298
33.243552562140394
43.12279310111626
43.243552562140394
53.12279310111626
53.243552562140394
57.099999999998545
57.10000000000582
147.26227838307386
148.08328928780975
156.5628797643585
167.09999999997672
175.78127672546543
270.2603266775841
277.3392521709902
279.8408659178531
279.8726057971362
279.96162537892815
287.0999999999767
380.5225565886358
390.9261027548928
888.6915341534186
0
15.454912481756764
24.951374333671993
25.559757349372376
34.75750988435175
47.10000000000582
57.10000000000582
157.09999999997672
158.95129713165807
159.35641452495474
177.09999999997672
275.8921788140433
277.5901999438647
279.33215455373283
381.0852091765264
387.0999999999767
390.68650787777733
889.0880858222954
1031.4684401403647
1041.2587498817593
1047.1000000000931
1051.3917080895044
1132.9362719506025
1161.940243222285
1192.988694515312
1212.3596237394959
1222.4120463042054
1751.3635950111784
1751.7305529636797
1951.4684401403647
1961.4684401403647
1971.4684401403647
1971.9926657869946
1981.4684401403647
1991.4684401403647
2001.3917080895044
2001.4684401403647
2011.4684401403647
2161.182017830899
2161.286862960318
2181.4684401403647
2303.1066369819455
2402.6741591272876
2421.5208627050743
2452.097510916181
2461.835398092866
2561.3917080895044
2571.2587498817593
2581.2587498817593
2591.182017830899
2601.182017830899
2601.3635950111784
2611.286862960318
2621.182017830899
2621.2587498817593
2631.3635950111784
2643.106628832873
2701.2587498817593
2701.3635950111784
2711.4684401403647
2731.2587498817593
2841.2587498817593
2951.286862960318
2952.097510916181
3012.097510916181
3021.8878206575755
