0
15.840509283647407
25.14310668624239
27.099999999998545
35.08448849833803
35.1893486744666
35.18934867455391
37.10000000000582
47.10000000000582
55.0685892135225
137.26227838310297
146.52627496991772
151.0526050995977
155.45046867552446
157.10000000000582
167.10000000000582
197.10000000000582
0
17.099999999998545
27.099999999998545
37.099999999998545
37.10000000000582
43.54345125950931
43.58967757526261
47.10000000000582
1135.5265204744937
0
14.931223976716865
17.099999999998545
24.17518751892203
27.099999999998545
34.17520319140749
34.28006336753606
34.28006336762337
137.10000000000582
144.98743014608044
146.06797996835667
146.27766897561378
147.10000000000582
155.85829096112866
156.4716381925973
157.09999999997672
0
14.757677900895942
33.88089777377172
37.099999999998545
43.98575794990029
44.04437601859536
49.25681009019172
53.98574227748031
53.98575794984936
152.49043410050217
155.86816223169444
165.9730067352939
167.10000000000582
168.0189049343753
175.9730067352939
177.10000000000582
0
33.88089777377172
34.106517410924425
37.099999999998545
44.04437601859536
53.98575794990029
53.985757949980325
147.10000000000582
155.86816223169444
157.10000000000582
165.9730067352939
168.0189049343753
176.59814545608242
177.10000000000582
177.65181362917065
0
15.840509283647407
17.099999999998545
25.084488498338033
25.14310668624239
25.6356569437703
25.763852133481123
35.08447282585257
35.08448849833803
37.099999999998545
45.127191728926846
45.12720740142686
47.10000000000582
55.06857354102249
155.77606480394024
155.8809093075397
156.63111947351717
157.10000000000582
165.45046867552446
166.3214383025188
167.10000000000582
177.10000000000582
