0
33.56847522412863
33.68923468515277
37.099999999998545
43.673319390531105
47.099999999998545
57.099999999998545
137.26227838310297
147.61278500725166
147.65430392933195
167.46987299335888
176.85205716558266
186.27782540820772
186.38934532704297
187.09999999997672
0
33.56847522412863
37.099999999998545
43.673319390531105
47.099999999998545
57.099999999998545
63.673319390531105
77.09999999999854
137.26227838310297
147.61278500725166
147.65430392933195
156.85205716558266
156.95690133192693
157.46987299335888
167.4283540713077
176.12548719803453
176.6357007478946
176.91538240987575
1307.0999999999767
0
17.099999999998545
23.77567882463336
33.77567882463336
43.77567882463336
53.77567882463336
53.880522991064936
57.10000000000582
135.2267337438534
154.9011377840652
157.10000000000582
164.70727298414567
167.10000000000582
172.33531309687532
177.10000000000582
187.10000000000582
1087.0999999999767
