0
15.966638685145881
17.099999999998545
25.761801835767983
27.099999999998545
35.01338100427529
35.118241908436175
45.6410423747875
45.761801835818915
46.35922046969063
47.10000000000582
54.997466410830384
57.09999999997672
1189.3790217611822
1215.3587862461573
1429.35519195511
0
23.39457863563439
33.27381917461025
37.099999999998545
43.23521403065388
57.099999999998545
136.57323102699593
136.87193232571008
141.88764111237833
146.17452972830506
147.09999999997672
154.76146357896505
166.15861513488926
166.47314973769244
167.09999999997672
176.59056758508086
267.24151892215014
277.24151892215014
277.26227838313207
280.50726625462994
299.2283752383664
307.26227838313207
447.283037844114
459.3245567663107
519.3245567663107
569.3245567663107
599.8020243698265
626.998016694095
1356.6834819880314
1416.8407493410632
1786.7359044391196
2586.631059536943
2636.2116799287032
2667.8435432920232
3046.788326889975
3126.2116799287032
3166.0019901245832
3177.8227838308085
3406.368947281968
3426.6834819880314
3687.718986525899
4047.050439145183
4496.10683502676
4496.211679928703
4806.10683502676
4826.211679928703
4876.211679928703
4888.051137902308
4996.788326889975
5006.211679928703
5036.10683502676
5056.368947281968
5176.94559424324
5196.211679928703
5226.788326889975
5566.368947281968
5857.8227838308085
5866.211679928703
5866.264102379791
6076.893171792151
6236.473792183911
6246.10683502676
6257.947340597166
6366.10683502676
6376.211679928703
6396.211679928703
6426.211679928703
6636.159257477848
6646.211679928703
6676.211679928703
6706.211679928703
6737.8020243698265
6910.154935207451
7131.825689220335
7140.321010895539
7156.631059536943
7210.258732512593
7250.4455676616635
7332.192646377487
7346.10683502676
7356.211679928703
7576.054412575671
7816.211679928703
7817.98885951913
7846.421369732823
7900.362529817736
7936.211679928703
7946.211679928703
7956.10683502676
7958.009618980112
7986.631059536943
8302.035379024455
8336.73590443912
8496.10683502676
8678.030378441093
8747.781264908845
8786.10683502676
8847.822783830808
8896.264102379791
9026.421369732823
9140.15493520745
9236.10683502676
9246.211679928703
9276.211679928703
9276.264102379791
9386.001990124583
9386.211679928703
9396.10683502676
9401.825689220335
9706.001990124583
9716.10683502676
9726.10683502676
9746.10683502676
9756.10683502676
9766.211679928703
9786.211679928703
9876.10683502676
9886.211679928703
9906.211679928703
9920.237973051379
9967.864302753005
9996.001990124583
9996.10683502676
10006.73590443912
10127.926581135951
10156.368947281968
10166.001990124583
10176.31652483088
10447.822783830808
10746.001990124583
10776.998016694095
10996.211679928703
11147.718986525899
11217.926581135951
11310.590883889003
11457.98885951913
11640.694681194145
11757.947340597166
11776.001990124583
11786.159257477848
11826.10683502676
11836.10683502676
11846.211679928703
11866.211679928703
11876.10683502676
11876.211679928703
12010.15493520745
12186.10683502676
12630.279491973575
12677.781264908845
12710.590883889003
12991.930534122279
13037.843543292023
13056.31652483088
13197.926581135951
13326.001990124583
13336.001990124583
13337.822783830808
13426.473792183911
13556.10683502676
13566.10683502676
13576.10683502676
13586.211679928703
13596.10683502676
13626.10683502676
13646.211679928703
13656.10683502676
13947.98885951913
13976.159257477848
13977.73974598688
14060.217213590397
14166.001990124583
14346.10683502676
14416.001990124583
14416.211679928703
14456.211679928703
14466.73590443912
14486.001990124583
14887.100000000093
14926.10683502676
14946.211679928703
15146.001990124583
15306.31652483088
15366.264102379791
15516.368947281968
15667.73974598688
15730.258732512593
15746.159257477848
15986.001990124583
16006.001990124583
16236.788326889975
16387.843543292023
16430.985313648358
16496.788326889975
16526.421369732823
16740.175694668433
17107.968100058148
17117.843543292023
17196.368947281968
17246.10683502676
17302.29749127943
17646.631059536943
17686.159257477848
17936.001990124583
17946.001990124583
18086.998016694095
18087.802024369827
18107.864302753005
18126.368947281968
18250.113416285254
18417.760505447863
18428.030378441093
18456.10683502676
18466.578637085855
18486.211679928703
18496.211679928703
18517.100000000093
18518.05113790231
18687.781264908845
18696.10683502676
18706.631059536943
18746.10683502676
18756.10683502676
18786.001990124583
18786.159257477848
18846.31652483088
18847.050439145183
19066.211679928703
19436.578637085855
19636.001990124583
19646.211679928703
19656.001990124583
19681.878111671424
19758.030378441093
19767.100000000093
19940.507846044842
20000.300251434557
20146.526214635
20296.998016694095
20326.001990124583
20336.001990124583
20337.050439145183
20396.368947281968
20690.528605505824
20717.98885951913
20796.368947281968
20886.211679928703
21116.89317179215
21276.421369732823
21406.631059536943
21556.631059536943
21916.10683502676
22141.72084431816
22166.26410237979
23269.386835149257
23337.100000000093
23337.283037844114
23337.32455676631
23339.428354071453
23339.677467603702
23369.65670814272
23378.110020178137
0
33.27381917461025
34.14299928831315
37.099999999998545
47.099999999998545
57.099999999998545
1006.9767771933111
0
15.966638685145881
17.099999999998545
25.01338100427529
25.269236087740865
25.761801835767983
26.668886150160688
26.668902186618652
27.10000000000582
44.997482447404764
47.10000000000582
54.997482447404764
57.10000000000582
138.97547559486702
139.27417689358117
149.1534174325643
157.09999999997672
166.77198695781408
168.57677429617615
177.09999999997672
269.78467347309925
273.68362490530126
278.6995588433929
308.23240157566033
338.4374456370715
339.8528569508344
569.4334758208133
1618.5422909196932
1689.6581571747083
1748.7265125364065
1839.6431663858239
2448.594713561004
3680.2722380808555
3710.285335571505
4528.647136202082
4530.285327345831
4849.171362614725
5518.542290919693
6218.542290919693
6380.2722380808555
