336546.87000021443
330415.3373532653
336348.06247620756
340795.3791247107
325168.6340499534
330415.3373532653
425697.5799161331
425697.5799161331
425697.5799161331
425697.5799161331
425697.5799161331
425697.5799161331
442191.64872239664
425697.5799161331
442191.64872239664
442191.64872239664
442191.64872239664
434058.0070678678
425697.5799161331
442191.64872239664
437785.0036517989
425697.5799161331
427750.93915107666
429342.5943681785
428916.5901091672
424334.9844909046
421465.28936469153
427750.9246329412
329295.1009801759
426594.2088325806
327164.60447060014
329896.2973248536
300225.1765791227
300225.1765791227
286688.68378045753
320624.58473937685
292126.6780513169
