525.7601089320378
329.6209305025113
346.8185697945689
272.4515318411286
897.5637433319353
735.0874411204932
897.0394383696839
897.5637433319353
897.5637433319353
186.38376317964867
176.38376317964867
176.58456946862862
278.77373643097235
897.5637433319353
273.77373643097235
273.77373643097235
278.77373643097235
718.2453062870336
176.76149653224275
273.77373643097235
756.7082114040192
176.76149653224275
823.5956216662104
857.5816609025109
1113.7804598171872
862.4493311046681
750.5510428953987
1795.3680764988997
902.293242246029
1015.806029686192
1071.5085465411423
770.9094990753802
780.8675501748454
846.6020382884075
829.5300301988434
882.5720092657488
776.5875830466393
