182.18587935296907
171.6544776407223
180.79314692982356
130.13405687876275
113.86908393616648
171.7157035772865
113.89584606034339
113.82925763182064
113.8706016882137
113.83062962667525
113.91086362095473
113.88725547887047
138.96334535738055
113.87558456729205
138.8501755466349
139.02390350655435
138.83300898985945
180.3619401409409
113.87906914386785
138.66497406336933
178.42567338927992
113.91167058777467
177.53473975490562
186.06395346937265
169.5890900215436
168.24519449426128
174.3282225156706
166.34335912978582
