523606.1670610815
492048.8961046231
391451.7574473594
380735.50971469714
407335.80523058446
492048.8961046231
507864.7510967641
507864.7510967641
507864.7510967641
507864.7510967641
507864.7510967641
507864.7510967641
431039.5246615989
507864.7510967641
431039.5246615989
431039.5246615989
431039.5246615989
474019.29691908404
507864.7510967641
431039.5246615989
406890.5210646171
507864.7510967641
474069.7830488963
473128.75088316016
472790.3140984381
474703.5498754942
473445.4739639471
474069.7699134404
487699.74921992247
465532.4263637451
486487.77835183014
493089.89308609976
480066.48069377616
480066.48069377616
461961.93773330736
483732.4511140142
471967.98216597043
