128949.02722738308
128934.23086468989
131873.65665596715
131821.14550181216
130694.05577106436
128934.23086468989
231223.00163724372
231223.00163724372
231223.00163724372
231223.00163724372
231223.00163724372
231223.00163724372
233217.41509949794
231223.00163724372
233217.41509949794
233217.41509949794
233217.41509949794
230951.02491315082
231223.00163724372
233217.41509949794
233310.59783155835
231223.00163724372
228705.43069218993
227829.28389820355
227474.65997731607
227871.29738278963
228834.01213408107
228705.43069218993
128119.51891072442
227851.68315836665
226609.69663604177
227132.9247932337
226884.4363811293
226884.4363811293
226884.4363811293
207388.98071892394
246606.37912932018
