19342.354084107454
19340.134629703487
19781.04849839507
19773.171825271827
19604.108365659653
19340.134629703487
0.0
847.2591386327888
847.2591386327888
847.2591386327888
847.2591386327888
847.2591386327888
1036.437392812104
847.2591386327888
1036.437392812104
1036.437392812104
1036.437392812104
1032.931452698722
847.2591386327888
1036.437392812104
1004.1739015627867
847.2591386327888
1027.0371958941832
11391.464194910177
11373.732998865806
11393.564869139478
11441.700606704053
11435.271534609496
19217.927836608666
11392.584157918336
11330.48483180209
1038.4540483512073
1041.1113426960628
1041.1113426960628
1041.1113426960628
10369.449035946194
1041.1113426960628
