132949.17855134423
132949.0307921451
132948.72128155644
132948.9900921863
130694.05577106436
132949.0307921451
231223.00163724372
231223.00163724372
231223.00163724372
231223.00163724372
231223.00163724372
231223.00163724372
235212.58342137848
231223.00163724372
235212.58342137848
235212.58342137848
235212.58342137848
235212.62412133729
231223.00163724372
235212.58342137848
235212.31461074864
231223.00163724372
235213.04046112866
235212.73648741757
235212.30100530953
235212.5858184752
235212.4990455565
235213.04046112866
