172.20139280948825
297.2415189220337
85.26482576510743
185.50280749506783
86.54657466749079
176.83714275370585
null
null
171.93037958064934
297.2207594609936
85.14709569131377
206.099585179094
86.34658247824242
177.4283540712786
null
null
170.24160935753613
381.6895506773144
100.07213150138556
186.09958517900668
89.63982194503038
166.87866167578613
null
null
173.81645396544596
1228.6555574467056
89.0987182058014
187.03834589209873
97.09129427975533
175.86920801643282
null
null
180.96324898851321
1137.2622783830739
175.1045790280313
1076.6478694224497
87.18238595938996
196.099585179094
null
null
188.6164458715779
268.67519257450476
163.19651470199844
1137.2622783830739
194.210295890469
390.36273980129045
140.5924357994727
267.3122935243882
4.3987286853003784E10	3.054672698125263E8
2.9960731219099313E8
5.858772239204262E7
5.534299206300356E7
2.602876126852463E8
4.594146880176698E-4	1664.0	3622000.0
58.75242738818332	2.12801292E8	3622000.0
5014.189517417379	1.8161394432085747E10	3622000.0
5072.941944805562	1.8374195724085747E10	3622000.0
9
25
1066.3185200793216
330415.3373532653
492048.8961046231
128934.23086468989
19340.134629703487
181.67342267509738
347.8411946017295
184.78506045738524
967.4437965804827
178.66554602011377
1207.1000000000058
147.51397597444955
1206.7996307602152
190.4713157718762
1378.5275561527815
214.6649070977423
1028.5966366050998
88.24133363137356
1127.8730520784738
4.416861506139614E10	3.067264934819176E8
3.0165382565522856E8
5.9194239207318924E7
5.635282757083497E7
2.6102319582848707E8
2.5071052403131878E8
1.7608329458696967E8
2.3394973575293794E7
7.421314191054666E-4	2688.0	3622000.0
107.99420541137494	3.91155012E8	3622000.0
8114.312740571498	2.9390040746349964E10	3622000.0
8222.306945982873	2.9781195758349964E10	3622000.0
14
46
1057.7568646769573
428916.5901091672
472790.3140984381
227474.65997731607
11373.732998865806
181.43947314524883
260.06572992214933
184.89779029769642
1127.4709877425921
179.2852928651118
1320.820851430297
219.4192772184132
420.87911072862335
221.135136119958
1119.6338015616639
214.8421409223157
888.6915341534186
89.3908124130072
898.8370669927972
112.11645002384893
187.09999999997672
166.98949467410517
749.5736702985596
4.440849624795535E10	3.083923350552455E8
3.006400418944168E8
5.901417634307796E7
5.623353241599916E7
2.6123616108988065E8
2.5063066394076464E8
1.7616009581824476E8
2.3429780682424027E7
3.3548550947731804E7
1.5390732770456725E8
8.83489784649365E-4	3200.0	3622000.0
129.31756432909995	4.68388218E8	3622000.0
9581.083064186747	3.47026828584844E10	3622000.0
9710.400628515847	3.51710710764844E10	3622000.0
17
58
1062.0634350442263
421465.28936469153
473445.4739639471
228834.01213408107
11441.700606704053
