0
14.780369125306606
16.68042871169746
136.1705126259476
136.87276019901037
137.5750077739358
0
14.780369125306606
16.68042871169746
0
14.408797921973019
14.40879792200576
14.452503428910859
22.19183087768033
22.941655587637797
0
15.026759719828988
15.026759719869005
137.10000000000582
146.78246447753918
147.50757572881412
147.58955547978985
148.39664648205508
156.38376317883376
156.7053289289761
176.38376317883376
176.58456946793012
176.70532892894698
186.38376317860093
258.80140246567316
258.90594063699245
268.06267411774024
0
15.026759719828988
15.026759719869005
137.10000000000582
146.78246447753918
147.37986707493837
147.50757572881412
156.38376317883376
156.58456946794468
166.38376317883376
0
15.026759719828988
15.026759719869005
0
15.026759719828988
15.026759719869005
137.10000000000582
146.78246447753918
147.37986707493837
147.58955547978985
166.38376317883376
166.58456946794468
176.38376317883376
176.6824644774897
186.70532892894698
0
15.026759719828988
15.026759719869005
137.10000000000582
146.78246447753918
147.37986707493837
147.58955547978985
148.39664648205508
156.38376317883376
156.7053289289761
166.38376317883376
166.7053289289761
176.36089872739103
176.38376317877555
176.5845694678137
176.70532892883057
258.80140246567316
258.90594063699245
278.02331239171326
0
15.026759719828988
15.026759719869005
0
15.131801999272739
15.131801999274103
0
15.131801999272739
15.131801999274103
0
15.131801999272739
15.131801999274103
0
15.131801999272739
15.131801999274103
136.89621392552363
137.4936165229301
146.49751262682548
176.49751262682548
258.1876938608475
258.88994110922795
259.5921883575502
0
14.839502254334093
14.839502254335457
25.243048056669068
25.243048056727275
0
14.839502254334093
14.839502254335457
0
14.839502254334093
14.839502254335457
25.243048056669068
25.243048056727275
25.243048056669068
25.243048056727275
34.440800955635495
34.440800955635495
138.19315711577656
167.7944558170857
138.19315711577656
147.98832044837764
157.7944558170857
157.98832044837764
167.7944558170857
167.98832044837764
258.9681433828082
260.5106906372239
268.5694420841173
269.3716891852091
258.9681433828082
278.5694420841173
267.0999999999767
268.5694420841173
268.84738392179133
278.6425472543924
288.5694420841173
269.3716891852091
278.658371630474
281.6545365929487
288.5694420841173
300.30585396982497
290.111989338533
379.23334113683086
0
14.839502254334093
14.839502254335457
25.243048056669068
25.243048056727275
138.19315711577656
147.7944558170857
147.98832044837764
167.7944558170857
167.98832044837764
0
14.839502254334093
14.839502254335457
24.71874279329495
25.243048056727275
27.10000000000582
138.19315711577656
147.98832044837764
148.56201680444065
0
14.839502254334093
14.839502254335457
14.839502254370018
25.243048056727275
0
14.839502254334093
0
14.839502254334093
14.839502254335457
25.243048056669068
25.243048056727275
34.440800955635495
147.7944558170857
147.98832044837764
157.7944558170857
157.98832044837764
167.7944558170857
258.9681433828082
267.0999999999767
268.5694420841173
278.5694420841173
278.658371630474
278.76330671540927
288.76330671540927
379.23334113683086
