0
17.099999999998545
22.53393602826327
147.09999999999854
157.09999999999854
158.0696681634363
158.06966816347267
0
17.099999999998545
0
17.099999999998545
22.53393602826327
22.53393602826327
27.099999999998545
147.09999999999854
157.09999999999854
158.0696681634363
158.06966816345812
138.2209390889766
147.09999999999854
157.09999999999854
158.0696681634363
158.06966816347267
158.06966816347267
167.10000000000582
168.06966816347267
167.10000000000582
168.06966816347267
1267.1000000000058
1047.041606712446
0
17.099999999998545
22.53393602826327
147.09999999999854
157.09999999999854
158.0696681634363
158.06966816347267
167.10000000000582
0
17.099999999998545
22.53393602826327
157.09999999999854
158.0696681634363
167.09999999999854
167.10000000000582
1267.1000000000058
0
17.099999999998545
22.53393602826327
147.09999999999854
157.09999999999854
167.09999999999854
0
17.099999999998545
22.53393602826327
147.09999999999854
149.26447335824196
157.09999999999854
158.0696681634363
158.06966816347267
167.10000000000582
178.06966816347267
1267.1000000000058
