57001.130809039976
57001.13081711337
57006.0
57016.0
57026.0
57026.30565242762
57026.30566050101
57036.0
57046.0
57056.0
57066.0
57076.0
57086.0
57096.0
57106.0
57116.0
57126.0
57136.0
57146.0
57156.0
57166.0
57176.0
57186.0
57196.0
57206.0
57216.0
57226.0
57236.0
57246.0
57256.0
57266.0
57276.0
57286.0
57296.0
57306.0
57316.0
57326.0
57336.0
57346.0
57356.0
57366.0
57376.0
57386.0
57396.0
57406.0
57416.0
57426.0
57436.0
57446.0
57456.0
57466.0
57476.0
57486.0
57496.0
57506.0
57516.0
57526.0
57536.0
57546.0
57556.0
57566.0
57576.0
57586.0
57596.0
57606.0
57616.0
57626.0
57636.0
57646.0
57656.0
57666.0
57676.0
57686.0
57696.0
57706.0
57716.0
57726.0
57736.0
57746.0
57756.0
57766.0
57776.0
57786.0
57796.0
57806.0
57816.0
57826.0
57836.0
57846.0
57856.0
57866.0
57876.0
57886.0
57896.0
57906.0
57916.0
57926.0
57936.0
57946.0
57956.0
57966.0
57976.0
57986.0
57996.0
57001.43393602826
57001.43394410166
57006.0
57016.0
57026.0
57026.30565242762
57026.30566050101
57036.0
57046.0
57056.0
57066.0
57076.0
57086.0
57096.0
57106.0
57116.0
57126.0
57136.0
57146.0
57156.0
57166.0
57176.0
57186.0
57196.0
57206.0
57216.0
57226.0
57236.0
57246.0
57256.0
57266.0
57276.0
57286.0
57296.0
57306.0
57316.0
57326.0
57336.0
57346.0
57356.0
57366.0
57376.0
57386.0
57396.0
57406.0
57416.0
57426.0
57436.0
57446.0
57456.0
57466.0
57476.0
57486.0
57496.0
57506.0
57516.0
57526.0
57536.0
57546.0
57556.0
57566.0
57576.0
57586.0
57596.0
57606.0
57616.0
57626.0
57636.0
57646.0
57656.0
57666.0
57676.0
57686.0
57696.0
57706.0
57716.0
57726.0
57736.0
57746.0
57756.0
57766.0
57776.0
57786.0
57796.0
57806.0
57816.0
57826.0
57836.0
57846.0
57856.0
57866.0
57876.0
57886.0
57896.0
57906.0
57916.0
57926.0
57936.0
57946.0
57956.0
57966.0
57976.0
57986.0
57996.0
57001.130809039976
57001.13081711337
57006.0
57016.0
57026.0
57026.30565242762
57026.30566050101
57036.0
57046.0
57056.0
57066.0
57076.0
57086.0
57096.0
57106.0
57116.0
57126.0
57136.0
57146.0
57156.0
57166.0
57176.0
57186.0
57196.0
57206.0
57216.0
57226.0
57236.0
57246.0
57256.0
57266.0
57276.0
57286.0
57296.0
57306.0
57316.0
57326.0
57336.0
57346.0
57356.0
57366.0
57376.0
57386.0
57396.0
57406.0
57416.0
57426.0
57436.0
57446.0
57456.0
57466.0
57476.0
57486.0
57496.0
57506.0
57516.0
57526.0
57536.0
57546.0
57556.0
57566.0
57576.0
57586.0
57596.0
57606.0
57616.0
57626.0
57636.0
57646.0
57656.0
57666.0
57676.0
57686.0
57696.0
57706.0
57716.0
57726.0
57736.0
57746.0
57756.0
57766.0
57776.0
57786.0
57796.0
57806.0
57816.0
57826.0
57836.0
57846.0
57856.0
57866.0
57876.0
57886.0
57896.0
57906.0
57916.0
57926.0
57936.0
57946.0
57956.0
57966.0
57976.0
57986.0
57996.0
133006.0
133016.0
133016.21869958704
133016.21870766045
133026.0
133026.21869958704
133026.21870766045
133036.0
133036.21869958704
133036.21870766045
133046.0
133046.21869958704
133046.21870766045
133048.16447335825
133048.16448143165
133056.0
133066.0
133076.0
133076.21869958704
133076.21870766045
133086.0
133086.21869958704
133086.21870766045
133086.21871573385
133086.21872380725
133086.21873188065
133086.21873995406
133096.0
133096.21869958704
133096.21870766045
133096.21871573385
133096.21872380725
133096.21873188065
133096.21873995406
133096.21874802746
133096.21875610086
133096.21876417426
133096.21877224767
133106.0
133106.21869958704
133106.21870766045
133106.21871573385
133106.21872380725
133106.21873188065
133106.21873995406
133106.21874802746
133106.21875610086
133106.21876417426
133106.21877224767
133116.0
133116.21869958704
133116.21870766045
133126.0
133126.21869958704
133126.21870766045
133136.0
133146.0
133156.0
133166.0
133176.0
133186.0
133196.0
133206.0
133216.0
133226.0
133236.0
133246.0
133256.0
133266.0
133276.0
133286.0
133296.0
133306.0
133316.0
133326.0
133336.0
133346.0
133356.0
133366.0
133376.0
133386.0
133396.0
133406.0
133416.0
133426.0
133436.0
133446.0
133456.0
133466.0
133476.0
133486.0
133496.0
133506.0
133516.0
133526.0
133536.0
133546.0
133556.0
133566.0
133576.0
133586.0
133596.0
133606.0
133616.0
133626.0
133636.0
133646.0
133656.0
133666.0
133676.0
133686.0
133696.0
133706.0
133716.0
133726.0
133736.0
133746.0
133756.0
133766.0
133776.0
133786.0
133796.0
133806.0
133816.0
133826.0
133836.0
133846.0
133856.0
133866.0
133876.0
133886.0
133896.0
133906.0
133916.0
133926.0
133936.0
133946.0
133956.0
133966.0
133976.0
133986.0
133996.0
134006.0
134016.0
134026.0
134036.0
134046.0
134056.0
134065.1489483505
134065.14895642392
134065.14896449732
134065.14897257072
134065.14898064412
134065.14898871753
134066.0
134076.0
134086.0
134096.0
134106.0
134116.0
133006.0
133006.21869958704
133006.21870766045
133016.0
133016.21869958704
133016.21870766045
133018.16447335825
133018.16448143165
133026.0
133036.0
133036.21869958704
133036.21870766045
133046.0
133046.21869958704
133046.21870766045
133056.0
133056.21869958704
133056.21870766045
133058.16447335825
133058.16448143165
133066.0
133076.0
133076.21869958704
133076.21870766045
133086.0
133086.21869958704
133086.21870766045
133096.0
133096.27226556605
133096.27227363945
133106.0
133116.0
133116.27226556605
133116.27227363945
133126.0
133128.16447335825
133128.16448143165
133136.0
133146.0
133156.0
133166.0
133176.0
133186.0
133196.0
133206.0
133216.0
133226.0
133236.0
133246.0
133256.0
133266.0
133276.0
133286.0
133296.0
133306.0
133316.0
133326.0
133336.0
133346.0
133356.0
133366.0
133376.0
133386.0
133396.0
133406.0
133416.0
133426.0
133436.0
133446.0
133456.0
133466.0
133476.0
133486.0
133496.0
133506.0
133516.0
133526.0
133536.0
133546.0
133556.0
133566.0
133576.0
133586.0
133596.0
133606.0
133616.0
133626.0
133636.0
133646.0
133656.0
133666.0
133676.0
133686.0
133696.0
133706.0
133716.0
133726.0
133736.0
133746.0
133756.0
133766.0
133776.0
133786.0
133796.0
133806.0
133816.0
133826.0
133836.0
133846.0
133856.0
133866.0
133876.0
133886.0
133896.0
133906.0
133916.0
133926.0
133936.0
133946.0
133956.0
133966.0
133976.0
133986.0
133996.0
134006.0
134016.0
134026.0
134036.0
134046.0
134056.0
134066.0
134076.0
134086.0
134096.0
134106.0
134116.0
243006.0
243016.0
243023.7772246725
243023.7772327459
243026.0
243027.35956084065
243027.35956891405
243034.17592597118
243034.1759340446
243036.0
243046.0
243046.16475564585
243046.16476371925
243054.17592597118
243054.1759340446
243056.0
243066.0
243067.35956084065
243067.35956891405
243074.17592597118
243074.1759340446
243076.0
243086.0
243086.16475564585
243086.16476371925
243094.17592597118
243094.1759340446
243096.0
243106.0
243106.16475564585
243106.16476371925
243114.17592597118
243114.1759340446
243116.0
243126.0
243126.16475564585
243126.16476371925
243136.0
243146.0
243156.0
243166.0
243176.0
243186.0
243196.0
243206.0
243216.0
243226.0
243236.0
243246.0
243256.0
243266.0
243276.0
243286.0
243296.0
243306.0
243316.0
243326.0
243336.0
243346.0
243356.0
243366.0
243376.0
243386.0
243396.0
243406.0
243416.0
243426.0
243436.0
243446.0
243456.0
243466.0
243476.0
243486.0
243496.0
243506.0
243516.0
243526.0
243536.0
243546.0
243556.0
243566.0
243576.0
243586.0
243596.0
243606.0
243616.0
243626.0
243636.0
243646.0
243656.0
243666.0
243676.0
243686.0
243696.0
243706.0
243716.0
243726.0
243736.0
243746.0
243756.0
243766.0
243776.0
243786.0
243796.0
243806.0
243816.0
243826.0
243836.0
243846.0
243856.0
243866.0
243876.0
243886.0
243896.0
243906.0
243916.0
243926.0
243936.0
243946.0
243956.0
243963.82821089323
243963.82821896664
243006.0
243006.16475564585
243006.16476371925
243014.17592597118
243014.1759340446
243016.0
243026.0
243026.16475564585
243026.16476371925
243034.17592597118
243034.1759340446
243036.0
243046.0
243046.16475564585
243046.16476371925
243054.17592597118
243054.1759340446
243056.0
243066.0
243067.35956084065
243067.35956891405
243074.17592597118
243074.1759340446
243076.0
243084.17592597118
243084.1759340446
243086.0
243094.96995045105
243094.96995852445
243096.0
243104.17592597118
243104.1759340446
243106.0
243116.0
243116.16475564585
243116.16476371925
243124.17592597118
243124.1759340446
243126.0
243136.0
243146.0
243156.0
243166.0
243176.0
243186.0
243196.0
243206.0
243216.0
243226.0
243236.0
243246.0
243256.0
243266.0
243276.0
243286.0
243296.0
243306.0
243316.0
243326.0
243336.0
243346.0
243356.0
243366.0
243376.0
243386.0
243396.0
243406.0
243416.0
243426.0
243436.0
243446.0
243456.0
243466.0
243476.0
243486.0
243496.0
243506.0
243516.0
243526.0
243536.0
243546.0
243556.0
243566.0
243576.0
243586.0
243596.0
243606.0
243616.0
243626.0
243636.0
243646.0
243656.0
243666.0
243676.0
243686.0
243696.0
243706.0
243716.0
243726.0
243736.0
243746.0
243756.0
243766.0
243776.0
243786.0
243796.0
243806.0
243816.0
243826.0
243836.0
243846.0
243856.0
243866.0
243876.0
243886.0
243896.0
243906.0
243916.0
243926.0
243936.0
243946.0
243956.0
243963.82821089323
243963.82821896664
384005.0302808295
384005.0302889029
384006.0
384016.0
384025.0302808295
384025.0302889029
384026.0
384035.0302808295
384035.0302889029
384036.0
384045.0302808295
384045.0302889029
384046.0
384055.0302808295
384055.0302889029
384056.0
384066.0
384066.52378732304
384066.52379539644
384075.62768342695
384075.62769150035
384075.62769957376
384075.62770764716
384075.62771572056
384075.62772379396
384076.0
384085.62768342695
384085.62769150035
384085.62769957376
384085.62770764716
384085.62771572056
384085.62772379396
384086.0
384096.0
384104.03475488484
384104.03476295824
384104.03477103164
384104.03477910504
384104.03478717845
384104.03479525185
384106.0
384107.71859251783
384107.71860059124
384107.71860866464
384107.71861673804
384107.71862481144
384107.71863288485
384107.71864095825
384107.71864903165
384107.71865710506
384107.71866517846
384116.0
384124.03475488484
384124.03476295824
384124.03477103164
384124.03477910504
384124.03478717845
384124.03479525185
384126.0
384127.71859251783
384127.71860059124
384127.71860866464
384127.71861673804
384127.71862481144
384127.71863288485
384127.71864095825
384127.71864903165
384127.71865710506
384127.71866517846
384136.0
384146.0
384156.0
384166.0
384176.0
384186.0
384196.0
384206.0
384216.0
384226.0
384236.0
384246.0
384256.0
384266.0
384276.0
384286.0
384296.0
384306.0
384316.0
384326.0
384336.0
384346.0
384356.0
384366.0
384376.0
384386.0
384396.0
384406.0
384416.0
384426.0
384436.0
384446.0
384456.0
384466.0
384476.0
384486.0
384496.0
384506.0
384516.0
384526.0
384536.0
384546.0
384556.0
384566.0
384576.0
384586.0
384596.0
384606.0
384616.0
384626.0
384636.0
384646.0
384656.0
384666.0
384676.0
384686.0
384696.0
384706.0
384716.0
384726.0
384736.0
384746.0
384756.0
384766.0
384776.0
384786.0
384796.0
384806.0
384816.0
384826.0
384836.0
384846.0
384856.0
384866.0
384876.0
384886.0
384896.0
384906.0
384916.0
384926.0
384936.0
384946.0
384956.0
384006.0
384015.0302808295
384015.0302889029
384016.0
384025.0302808295
384025.0302889029
384026.0
384035.0302808295
384035.0302889029
384036.0
384045.0302808295
384045.0302889029
384046.0
384056.0
384066.0
384076.0
384084.03475488484
384084.03476295824
384086.0
384094.03475488484
384094.03476295824
384096.0
384104.03475488484
384104.03476295824
384106.0
384114.03475488484
384114.03476295824
384116.0
384124.03475488484
384124.03476295824
384126.0
384136.0
384146.0
384156.0
384166.0
384176.0
384186.0
384196.0
384206.0
384216.0
384226.0
384236.0
384246.0
384256.0
384266.0
384276.0
384286.0
384296.0
384306.0
384316.0
384326.0
384336.0
384346.0
384356.0
384366.0
384376.0
384386.0
384396.0
384406.0
384416.0
384426.0
384436.0
384446.0
384456.0
384466.0
384476.0
384486.0
384496.0
384506.0
384516.0
384526.0
384536.0
384546.0
384556.0
384566.0
384576.0
384586.0
384596.0
384606.0
384616.0
384626.0
384636.0
384646.0
384656.0
384666.0
384676.0
384686.0
384696.0
384706.0
384716.0
384726.0
384736.0
384746.0
384756.0
384766.0
384776.0
384786.0
384796.0
384806.0
384816.0
384826.0
384836.0
384846.0
384856.0
384866.0
384876.0
384886.0
384896.0
384906.0
384916.0
384926.0
384936.0
384946.0
384956.0
500006.0
500006.4455289523
500007.5397316033
500016.0
500026.0
500026.4455289523
500036.0
500036.4455289523
500037.838432902
500046.0
500056.0
500058.13713420066
500066.0
500076.0
500076.4455289523
500079.9293419929
500086.0
500096.0
500096.0463721619
500106.0
500106.4455289523
500116.0
500116.4455289523
500116.4455368622
500116.4455447721
500126.0
500126.4455289523
500126.4455368622
500126.4455447721
500126.445552682
500126.4455605919
500136.0
500136.4455289523
500136.4455368622
500136.4455447721
500136.445552682
500136.4455605919
500139.5325419393
500139.5325498492
500139.5325577591
500139.532565669
500139.5325735789
500146.0
500156.0
500156.4455289523
500157.5397316033
500166.0
500176.0
500176.4455289523
500179.9293419929
500186.0
500188.3377367445
500188.3377446544
500188.3377525643
500196.0
500206.0
500216.0
500216.4455289523
500216.4455368622
500216.4455447721
500216.445552682
500216.4455605919
500218.13713420066
500226.0
500236.0
500236.4455289523
500237.5397316033
500246.0
500256.0
500266.0
500276.0
500286.0
500296.0
500306.0
500316.0
500326.0
500336.0
500346.0
500356.0
500366.0
500376.0
500386.0
500396.0
500406.0
500416.0
500426.0
500436.0
500446.0
500456.0
500466.0
500476.0
500486.0
500496.0
500506.0
500516.0
500526.0
500536.0
500546.0
500556.0
500566.0
500576.0
500586.0
500596.0
500606.0
500616.0
500626.0
500636.0
500646.0
500656.0
500666.0
500676.0
500686.0
500696.0
500706.0
500716.0
500726.0
500729.9463721619
500736.0
500746.0
500756.0
500766.0
500776.0
500786.0
500796.0
500806.0
500816.0
500826.0
500836.0
500846.0
500856.0
500866.0
500876.0
500886.0
500896.0
500906.0
500916.0
500926.0
500936.0
500946.0
500956.0
500966.0
500976.0
500986.0
500996.0
501006.0
501016.0
501026.0
501036.0
57001.43393602826
57001.43394410166
57006.0
57016.0
57026.0
57026.30565242762
57026.30566050101
57036.0
57046.0
57056.0
57066.0
57076.0
57086.0
57096.0
57106.0
57116.0
57126.0
57136.0
57146.0
57156.0
57166.0
57176.0
57186.0
57196.0
57206.0
57216.0
57226.0
57236.0
57246.0
57256.0
57266.0
57276.0
57286.0
57296.0
57306.0
57316.0
57326.0
57336.0
57346.0
57356.0
57366.0
57376.0
57386.0
57396.0
57406.0
57416.0
57426.0
57436.0
57446.0
57456.0
57466.0
57476.0
57486.0
57496.0
57506.0
57516.0
57526.0
57536.0
57546.0
57556.0
57566.0
57576.0
57586.0
57596.0
57606.0
57616.0
57626.0
57636.0
57646.0
57656.0
57666.0
57676.0
57686.0
57696.0
57706.0
57716.0
57726.0
57736.0
57746.0
57756.0
57766.0
57776.0
57786.0
57796.0
57806.0
57816.0
57826.0
57836.0
57846.0
57856.0
57866.0
57876.0
57886.0
57896.0
57906.0
57916.0
57926.0
57936.0
57946.0
57956.0
57966.0
57976.0
57986.0
57996.0
133006.0
133006.21869958704
133006.21870766045
133008.16447335825
133008.16448143165
133016.0
133026.0
133026.21869958704
133026.21870766045
133028.16447335825
133028.16448143165
133036.0
133038.16447335825
133038.16448143165
133046.0
133056.0
133056.27226556605
133056.27227363945
133066.0
133076.0
133076.21869958704
133076.21870766045
133086.0
133086.21869958704
133086.21870766045
133096.0
133096.21869958704
133096.21870766045
133096.21871573385
133096.21872380725
133096.21873188065
133096.21873995406
133099.35927855305
133099.35928662645
133106.0
133116.0
133116.21869958704
133116.21870766045
133126.0
133126.21869958704
133126.21870766045
133136.0
133146.0
133156.0
133166.0
133176.0
133186.0
133196.0
133206.0
133216.0
133226.0
133236.0
133246.0
133256.0
133266.0
133276.0
133286.0
133296.0
133306.0
133316.0
133326.0
133336.0
133346.0
133356.0
133366.0
133376.0
133386.0
133396.0
133406.0
133416.0
133426.0
133436.0
133446.0
133456.0
133466.0
133476.0
133486.0
133496.0
133506.0
133516.0
133526.0
133536.0
133546.0
133556.0
133566.0
133576.0
133586.0
133596.0
133606.0
133616.0
133626.0
133636.0
133646.0
133656.0
133666.0
133676.0
133686.0
133696.0
133706.0
133716.0
133726.0
133736.0
133746.0
133756.0
133766.0
133776.0
133786.0
133796.0
133806.0
133816.0
133826.0
133836.0
133846.0
133856.0
133866.0
133876.0
133886.0
133896.0
133906.0
133916.0
133926.0
133936.0
133946.0
133956.0
133966.0
133976.0
133986.0
133996.0
134006.0
134016.0
134026.0
134036.0
134046.0
134056.0
134065.1489483505
134065.14895642392
134065.14896449732
134065.14897257072
134065.14898064412
134065.14898871753
134066.0
134076.0
134086.0
134096.0
134106.0
134116.0
243004.17592597118
243004.1759340446
243006.0
243014.96995045105
243014.96995852445
243016.0
243026.0
243034.17592597118
243034.1759340446
243036.0
243044.17592597118
243044.1759340446
243046.0
243054.4746272699
243054.4746353433
243056.0
243066.0
243073.7772246725
243073.7772327459
243074.96995045105
243074.96995852445
243076.0
243084.17592597118
243084.1759340446
243086.0
243094.4746272699
243094.4746353433
243096.0
243104.17592597118
243104.1759340446
243106.0
243114.4746272699
243114.4746353433
243116.0
243124.17592597118
243124.1759340446
243126.0
243136.0
243146.0
243156.0
243166.0
243176.0
243186.0
243196.0
243206.0
243216.0
243226.0
243236.0
243246.0
243256.0
243266.0
243276.0
243286.0
243296.0
243306.0
243316.0
243326.0
243336.0
243346.0
243356.0
243366.0
243376.0
243386.0
243396.0
243406.0
243416.0
243426.0
243436.0
243446.0
243456.0
243466.0
243476.0
243486.0
243496.0
243506.0
243516.0
243526.0
243536.0
243546.0
243556.0
243566.0
243576.0
243586.0
243596.0
243606.0
243616.0
243626.0
243636.0
243646.0
243656.0
243666.0
243676.0
243686.0
243696.0
243706.0
243716.0
243726.0
243736.0
243746.0
243756.0
243766.0
243776.0
243786.0
243796.0
243806.0
243816.0
243826.0
243836.0
243846.0
243856.0
243866.0
243876.0
243886.0
243896.0
243906.0
243916.0
243926.0
243936.0
243946.0
243956.0
243963.82821089323
243963.82821896664
57001.43393602826
57001.43394410166
57006.0
57016.0
57026.0
57026.30565242762
57026.30566050101
57036.0
57046.0
57056.0
57066.0
57076.0
57086.0
57096.0
57106.0
57116.0
57126.0
57136.0
57146.0
57156.0
57166.0
57176.0
57186.0
57196.0
57206.0
57216.0
57226.0
57236.0
57246.0
57256.0
57266.0
57276.0
57286.0
57296.0
57306.0
57316.0
57326.0
57336.0
57346.0
57356.0
57366.0
57376.0
57386.0
57396.0
57406.0
57416.0
57426.0
57436.0
57446.0
57456.0
57466.0
57476.0
57486.0
57496.0
57506.0
57516.0
57526.0
57536.0
57546.0
57556.0
57566.0
57576.0
57586.0
57596.0
57606.0
57616.0
57626.0
57636.0
57646.0
57656.0
57666.0
57676.0
57686.0
57696.0
57706.0
57716.0
57726.0
57736.0
57746.0
57756.0
57766.0
57776.0
57786.0
57796.0
57806.0
57816.0
57826.0
57836.0
57846.0
57856.0
57866.0
57876.0
57886.0
57896.0
57906.0
57916.0
57926.0
57936.0
57946.0
57956.0
57966.0
57976.0
57986.0
57996.0
133006.0
133016.0
133016.21869958704
133016.21870766045
133018.16447335825
133018.16448143165
133026.0
133026.61740088573
133026.61740895914
133036.0
133036.96966816345
133036.96967623685
133046.0
133056.0
133056.27226556605
133056.27227363945
133066.0
133076.0
133076.21869958704
133076.21870766045
133079.35927855305
133079.35928662645
133086.0
133096.0
133096.21869958704
133096.21870766045
133106.0
133106.21869958704
133106.21870766045
133116.0
133116.21869958704
133116.21870766045
133126.0
133126.27226556605
133126.27227363945
133136.0
133146.0
133156.0
133166.0
133176.0
133186.0
133196.0
133206.0
133216.0
133226.0
133236.0
133246.0
133256.0
133266.0
133276.0
133286.0
133296.0
133306.0
133316.0
133326.0
133336.0
133346.0
133356.0
133366.0
133376.0
133386.0
133396.0
133406.0
133416.0
133426.0
133436.0
133446.0
133456.0
133466.0
133476.0
133486.0
133496.0
133506.0
133516.0
133526.0
133536.0
133546.0
133556.0
133566.0
133576.0
133586.0
133596.0
133606.0
133616.0
133626.0
133636.0
133646.0
133656.0
133666.0
133676.0
133686.0
133696.0
133706.0
133716.0
133726.0
133736.0
133746.0
133756.0
133766.0
133776.0
133786.0
133796.0
133806.0
133816.0
133826.0
133836.0
133846.0
133856.0
133866.0
133876.0
133886.0
133896.0
133906.0
133916.0
133926.0
133936.0
133946.0
133956.0
133966.0
133976.0
133986.0
133996.0
134006.0
134016.0
134026.0
134036.0
134046.0
134056.0
134066.0
134076.0
134086.0
134096.0
134106.0
134116.0
57001.43393602826
57001.43394410166
57006.0
57016.0
57026.0
57026.30565242762
57026.30566050101
57036.0
57046.0
57056.0
57066.0
57076.0
57086.0
57096.0
57106.0
57116.0
57126.0
57136.0
57146.0
57156.0
57166.0
57176.0
57186.0
57196.0
57206.0
57216.0
57226.0
57236.0
57246.0
57256.0
57266.0
57276.0
57286.0
57296.0
57306.0
57316.0
57326.0
57336.0
57346.0
57356.0
57366.0
57376.0
57386.0
57396.0
57406.0
57416.0
57426.0
57436.0
57446.0
57456.0
57466.0
57476.0
57486.0
57496.0
57506.0
57516.0
57526.0
57536.0
57546.0
57556.0
57566.0
57576.0
57586.0
57596.0
57606.0
57616.0
57626.0
57636.0
57646.0
57656.0
57666.0
57676.0
57686.0
57696.0
57706.0
57716.0
57726.0
57736.0
57746.0
57756.0
57766.0
57776.0
57786.0
57796.0
57806.0
57816.0
57826.0
57836.0
57846.0
57856.0
57866.0
57876.0
57886.0
57896.0
57906.0
57916.0
57926.0
57936.0
57946.0
57956.0
57966.0
57976.0
57986.0
57996.0
57001.43393602826
57001.43394410166
57006.0
57016.0
57026.0
57026.30565242762
57026.30566050101
57036.0
57046.0
57056.0
57066.0
57076.0
57086.0
57096.0
57106.0
57116.0
57126.0
57136.0
57146.0
57156.0
57166.0
57176.0
57186.0
57196.0
57206.0
57216.0
57226.0
57236.0
57246.0
57256.0
57266.0
57276.0
57286.0
57296.0
57306.0
57316.0
57326.0
57336.0
57346.0
57356.0
57366.0
57376.0
57386.0
57396.0
57406.0
57416.0
57426.0
57436.0
57446.0
57456.0
57466.0
57476.0
57486.0
57496.0
57506.0
57516.0
57526.0
57536.0
57546.0
57556.0
57566.0
57576.0
57586.0
57596.0
57606.0
57616.0
57626.0
57636.0
57646.0
57656.0
57666.0
57676.0
57686.0
57696.0
57706.0
57716.0
57726.0
57736.0
57746.0
57756.0
57766.0
57776.0
57786.0
57796.0
57806.0
57816.0
57826.0
57836.0
57846.0
57856.0
57866.0
57876.0
57886.0
57896.0
57906.0
57916.0
57926.0
57936.0
57946.0
57956.0
57966.0
57976.0
57986.0
57996.0
133006.0
133016.0
133016.21869958704
133016.21870766045
133018.16447335825
133018.16448143165
133026.0
133036.0
133036.21869958704
133036.21870766045
133036.91610218445
133036.91611025785
133046.0
133046.96966816345
133046.96967623685
133056.0
133058.16447335825
133058.16448143165
133066.0
133076.0
133076.21869958704
133076.21870766045
133086.0
133086.21869958704
133086.21870766045
133096.0
133096.21869958704
133096.21870766045
133096.21871573385
133096.21872380725
133096.21873188065
133096.21873995406
133106.0
133106.27226556605
133106.27227363945
133106.27228171285
133106.27228978625
133106.27229785966
133106.27230593306
133106.27231400646
133106.27232207987
133106.27233015327
133106.27233822667
133116.0
133118.16447335825
133118.16448143165
133126.0
133129.35927855305
133129.35928662645
133136.0
133146.0
133156.0
133166.0
133176.0
133186.0
133196.0
133206.0
133216.0
133226.0
133236.0
133246.0
133256.0
133266.0
133276.0
133286.0
133296.0
133306.0
133316.0
133326.0
133336.0
133346.0
133356.0
133366.0
133376.0
133386.0
133396.0
133406.0
133416.0
133426.0
133436.0
133446.0
133456.0
133466.0
133476.0
133486.0
133496.0
133506.0
133516.0
133526.0
133536.0
133546.0
133556.0
133566.0
133576.0
133586.0
133596.0
133606.0
133616.0
133626.0
133636.0
133646.0
133656.0
133666.0
133676.0
133686.0
133696.0
133706.0
133716.0
133726.0
133736.0
133746.0
133756.0
133766.0
133776.0
133786.0
133796.0
133806.0
133816.0
133826.0
133836.0
133846.0
133856.0
133866.0
133876.0
133886.0
133896.0
133906.0
133916.0
133926.0
133936.0
133946.0
133956.0
133966.0
133976.0
133986.0
133996.0
134006.0
134016.0
134026.0
134036.0
134046.0
134056.0
134066.0
134076.0
134086.0
134096.0
134106.0
134116.0
243004.17592597118
243004.1759340446
243006.0
243016.0
243016.16475564585
243016.16476371925
243024.17592597118
243024.1759340446
243026.0
243036.0
243044.17592597118
243044.1759340446
243046.0
243054.96995045105
243054.96995852445
243056.0
243066.0
243067.35956084065
243067.35956891405
243074.17592597118
243074.1759340446
243076.0
243084.17592597118
243084.1759340446
243086.0
243094.4746272699
243094.4746353433
243096.0
243104.17592597118
243104.1759340446
243106.0
243114.4746272699
243114.4746353433
243116.0
243124.17592597118
243124.1759340446
243126.0
243136.0
243146.0
243156.0
243166.0
243176.0
243186.0
243196.0
243206.0
243216.0
243226.0
243236.0
243246.0
243256.0
243266.0
243276.0
243286.0
243296.0
243306.0
243316.0
243326.0
243336.0
243346.0
243356.0
243366.0
243376.0
243386.0
243396.0
243406.0
243416.0
243426.0
243436.0
243446.0
243456.0
243466.0
243476.0
243486.0
243496.0
243506.0
243516.0
243526.0
243536.0
243546.0
243556.0
243566.0
243576.0
243586.0
243596.0
243606.0
243616.0
243626.0
243636.0
243646.0
243656.0
243666.0
243676.0
243686.0
243696.0
243706.0
243716.0
243726.0
243736.0
243746.0
243756.0
243766.0
243776.0
243786.0
243796.0
243806.0
243816.0
243826.0
243836.0
243846.0
243856.0
243866.0
243876.0
243886.0
243896.0
243906.0
243916.0
243926.0
243936.0
243946.0
243956.0
243963.82821089323
243963.82821896664
384005.0302808295
384005.0302889029
384006.0
384015.0302808295
384015.0302889029
384016.0
384025.0302808295
384025.0302889029
384026.0
384035.0302808295
384035.0302889029
384036.0
384045.0302808295
384045.0302889029
384046.0
384055.0302808295
384055.0302889029
384056.0
384066.0
384066.52378732304
384066.52379539644
384075.62768342695
384075.62769150035
384075.62769957376
384075.62770764716
384075.62771572056
384075.62772379396
384076.0
384086.0
384094.03475488484
384094.03476295824
384094.03477103164
384094.03477910504
384094.03478717845
384094.03479525185
384096.0
384097.71859251783
384097.71860059124
384097.71860866464
384097.71861673804
384097.71862481144
384097.71863288485
384097.71864095825
384097.71864903165
384097.71865710506
384097.71866517846
384106.0
384114.03475488484
384114.03476295824
384114.03477103164
384114.03477910504
384114.03478717845
384114.03479525185
384116.0
384117.71859251783
384117.71860059124
384117.71860866464
384117.71861673804
384117.71862481144
384117.71863288485
384117.71864095825
384117.71864903165
384117.71865710506
384117.71866517846
384126.0
384136.0
384146.0
384156.0
384166.0
384176.0
384186.0
384196.0
384206.0
384216.0
384226.0
384236.0
384246.0
384256.0
384266.0
384276.0
384286.0
384296.0
384306.0
384316.0
384326.0
384336.0
384346.0
384356.0
384366.0
384376.0
384386.0
384396.0
384406.0
384416.0
384426.0
384436.0
384446.0
384456.0
384466.0
384476.0
384486.0
384496.0
384506.0
384516.0
384526.0
384536.0
384546.0
384556.0
384566.0
384576.0
384586.0
384596.0
384606.0
384616.0
384626.0
384636.0
384646.0
384656.0
384666.0
384676.0
384686.0
384696.0
384706.0
384716.0
384726.0
384736.0
384746.0
384756.0
384766.0
384776.0
384786.0
384796.0
384806.0
384816.0
384826.0
384836.0
384846.0
384856.0
384866.0
384876.0
384886.0
384896.0
384906.0
384916.0
384926.0
384936.0
384946.0
384956.0
500006.0
500006.4455289523
500016.0
500016.4455289523
500026.0
500026.4455289523
500036.0
500036.4455289523
500046.0
500046.4455289523
500056.0
500066.0
500066.4455289523
500076.0
500076.4455289523
500086.0
500086.4455289523
500096.0
500096.0463721619
500106.0
500106.4455289523
500116.0
500116.4455289523
500126.0
500126.4455289523
500136.0
500146.0
500146.4455289523
500147.1429315497
500156.0
500166.0
500166.4455289523
500176.0
500176.4455289523
500186.0
500186.4455289523
500196.0
500196.4455289523
500206.0
500206.4455289523
500216.0
500216.4455289523
500226.0
500226.4455289523
500236.0
500236.4455289523
500237.1429315497
500246.0
500256.0
500266.0
500276.0
500286.0
500296.0
500306.0
500316.0
500326.0
500336.0
500346.0
500356.0
500366.0
500376.0
500386.0
500396.0
500406.0
500416.0
500426.0
500436.0
500446.0
500456.0
500466.0
500476.0
500486.0
500496.0
500506.0
500516.0
500526.0
500536.0
500546.0
500556.0
500566.0
500576.0
500586.0
500596.0
500606.0
500616.0
500626.0
500636.0
500646.0
500656.0
500666.0
500676.0
500686.0
500696.0
500706.0
500716.0
500726.0
500729.9463721619
500736.0
500746.0
500756.0
500766.0
500776.0
500786.0
500796.0
500806.0
500816.0
500826.0
500836.0
500846.0
500856.0
500866.0
500876.0
500886.0
500896.0
500906.0
500916.0
500926.0
500936.0
500946.0
500956.0
500966.0
500976.0
500986.0
500996.0
501006.0
501016.0
501026.0
501036.0
