57006.0
57016.0
57026.0
57026.31009426399
57026.31010233738
57036.0
57046.0
57056.0
57066.0
57076.0
57086.0
57096.0
57106.0
57116.0
57126.0
57136.0
57146.0
57156.0
57166.0
57176.0
57186.0
57196.0
57206.0
57216.0
57226.0
57236.0
57246.0
57256.0
57266.0
57276.0
57286.0
57296.0
57306.0
57316.0
57326.0
57336.0
57346.0
57356.0
57366.0
57376.0
57386.0
57396.0
57406.0
57416.0
57426.0
57436.0
57446.0
57456.0
57466.0
57476.0
57486.0
57496.0
57506.0
57516.0
57526.0
57536.0
57546.0
57556.0
57566.0
57576.0
57586.0
57596.0
57606.0
57616.0
57626.0
57636.0
57646.0
57656.0
57666.0
57676.0
57686.0
57696.0
57706.0
57716.0
57726.0
57736.0
57746.0
57001.43837786463
57001.438385938025
57006.0
57016.0
57026.0
57026.31009426399
57026.31010233738
57036.0
57046.0
57056.0
57066.0
57076.0
57086.0
57096.0
57106.0
57116.0
57126.0
57136.0
57146.0
57156.0
57166.0
57176.0
57186.0
57196.0
57206.0
57216.0
57226.0
57236.0
57246.0
57256.0
57266.0
57276.0
57286.0
57296.0
57306.0
57316.0
57326.0
57336.0
57346.0
57356.0
57366.0
57376.0
57386.0
57396.0
57406.0
57416.0
57426.0
57436.0
57446.0
57456.0
57466.0
57476.0
57486.0
57496.0
57506.0
57516.0
57526.0
57536.0
57546.0
57556.0
57566.0
57576.0
57586.0
57596.0
57606.0
57616.0
57626.0
57636.0
57646.0
57656.0
57666.0
57676.0
57686.0
57696.0
57706.0
57716.0
57726.0
57736.0
57746.0
57006.0
57016.0
57026.0
57026.31009426399
57026.31010233738
57036.0
57046.0
57056.0
57066.0
57076.0
57086.0
57096.0
57106.0
57116.0
57126.0
57136.0
57146.0
57156.0
57166.0
57176.0
57186.0
57196.0
57206.0
57216.0
57226.0
57236.0
57246.0
57256.0
57266.0
57276.0
57286.0
57296.0
57306.0
57316.0
57326.0
57336.0
57346.0
57356.0
57366.0
57376.0
57386.0
57396.0
57406.0
57416.0
57426.0
57436.0
57446.0
57456.0
57466.0
57476.0
57486.0
57496.0
57506.0
57516.0
57526.0
57536.0
57546.0
57556.0
57566.0
57576.0
57586.0
57596.0
57606.0
57616.0
57626.0
57636.0
57646.0
57656.0
57666.0
57676.0
57686.0
57696.0
57706.0
57716.0
57726.0
57736.0
57746.0
133006.0
133016.0
133016.27228171285
133016.27228978625
133026.0
133026.27228171285
133026.27228978625
133026.27229785966
133026.27230593306
133026.27231400646
133026.27232207987
133036.0
133036.27228171285
133036.27228978625
133036.27229785966
133036.27230593306
133036.27231400646
133036.27232207987
133036.27233015327
133036.27233822667
133036.27234630007
133036.27235437348
133046.0
133046.27228171285
133046.27228978625
133046.27229785966
133046.27230593306
133046.27231400646
133046.27232207987
133046.27233015327
133046.27233822667
133046.27234630007
133046.27235437348
133048.21805548406
133048.21806355746
133048.21807163086
133048.21807970427
133048.21808777767
133048.21809585107
133056.0
133057.32193544114
133057.32194351454
133057.32195158795
133057.32195966135
133057.32196773475
133057.32197580815
133066.0
133076.0
133076.27228171285
133076.27228978625
133076.27229785966
133076.27230593306
133076.27231400646
133076.27232207987
133086.0
133086.27231400646
133086.27232207987
133086.27233015327
133086.27233822667
133086.27234630007
133086.27235437348
133096.0
133096.27234630007
133096.27235437348
133096.27236244688
133096.27237052028
133096.27237859368
133096.2723866671
133096.2723947405
133096.2724028139
133096.2724108873
133096.2724189607
133098.21803933725
133098.21804741066
133098.21805548406
133098.21806355746
133098.21807163086
133098.21807970427
133106.0
133116.0
133116.27228171285
133116.27228978625
133116.27229785966
133116.27230593306
133116.27231400646
133116.27232207987
133116.27233015327
133116.27233822667
133116.27234630007
133116.27235437348
133126.0
133126.27228171285
133126.27228978625
133126.27229785966
133126.27230593306
133126.27231400646
133126.27232207987
133126.27233015327
133126.27233822667
133126.27234630007
133126.27235437348
133136.0
133146.0
133156.0
133166.0
133176.0
133186.0
133196.0
133206.0
133216.0
133226.0
133236.0
133246.0
133256.0
133266.0
133276.0
133286.0
133296.0
133306.0
133316.0
133326.0
133336.0
133346.0
133356.0
133366.0
133376.0
133386.0
133396.0
133406.0
133416.0
133426.0
133436.0
133446.0
133456.0
133466.0
133476.0
133486.0
133496.0
133506.0
133516.0
133526.0
133536.0
133546.0
133556.0
133566.0
133576.0
133586.0
133596.0
133606.0
133616.0
133626.0
133636.0
133646.0
133656.0
133666.0
133676.0
133686.0
133696.0
133706.0
133716.0
133726.0
133736.0
133746.0
133756.0
133766.0
133776.0
133786.0
133796.0
133806.0
133816.0
133826.0
133836.0
133846.0
133856.0
133866.0
133876.0
133886.0
133896.0
133906.0
133916.0
133926.0
133936.0
133946.0
133956.0
133966.0
133976.0
133986.0
133996.0
134006.0
134016.0
134026.0
133006.0
133006.27228171285
133006.27228978625
133016.0
133016.27228171285
133016.27228978625
133016.27229785966
133016.27230593306
133016.27231400646
133016.27232207987
133018.21805548406
133018.21806355746
133018.21807163086
133018.21807970427
133018.21808777767
133018.21809585107
133026.0
133036.0
133036.27228171285
133036.27228978625
133036.27229785966
133036.27230593306
133036.27231400646
133036.27232207987
133036.27233015327
133036.27233822667
133036.27234630007
133036.27235437348
133046.0
133046.27228171285
133046.27228978625
133046.27229785966
133046.27230593306
133046.27231400646
133046.27232207987
133046.27233015327
133046.27233822667
133046.27234630007
133046.27235437348
133056.0
133056.27228171285
133056.27228978625
133058.21805548406
133058.21806355746
133058.21807163086
133058.21807970427
133058.21808777767
133058.21809585107
133066.0
133076.0
133076.27228171285
133076.27228978625
133076.27229785966
133076.27230593306
133076.27231400646
133076.27232207987
133086.0
133086.27228171285
133086.27228978625
133086.27229785966
133086.27230593306
133086.27231400646
133086.27232207987
133086.27233015327
133086.27233822667
133086.27234630007
133086.27235437348
133096.0
133096.32584769186
133096.32585576526
133096.32586383866
133096.32587191206
133096.32587998547
133096.32588805887
133096.32589613227
133096.32590420567
133096.32591227908
133096.32592035248
133106.0
133106.27226556605
133106.27227363945
133106.27228171285
133106.27228978625
133106.27229785966
133106.27230593306
133106.27231400646
133106.27232207987
133106.27233015327
133106.27233822667
133116.0
133116.32584769186
133116.32585576526
133116.32586383866
133116.32587191206
133116.32587998547
133116.32588805887
133116.32589613227
133116.32590420567
133116.32591227908
133116.32592035248
133126.0
133126.27226556605
133126.27227363945
133128.21805548406
133128.21806355746
133128.21807163086
133128.21807970427
133128.21808777767
133128.21809585107
133136.0
133146.0
133156.0
133166.0
133176.0
133186.0
133196.0
133206.0
133216.0
133226.0
133236.0
133246.0
133256.0
133266.0
133276.0
133286.0
133296.0
133306.0
133316.0
133326.0
133336.0
133346.0
133356.0
133366.0
133376.0
133386.0
133396.0
133406.0
133416.0
133426.0
133436.0
133446.0
133456.0
133466.0
133476.0
133486.0
133496.0
133506.0
133516.0
133526.0
133536.0
133546.0
133556.0
133566.0
133576.0
133586.0
133596.0
133606.0
133616.0
133626.0
133636.0
133646.0
133656.0
133666.0
133676.0
133686.0
133696.0
133706.0
133716.0
133726.0
133736.0
133746.0
133756.0
133766.0
133776.0
133786.0
133796.0
133806.0
133816.0
133826.0
133836.0
133846.0
133856.0
133866.0
133876.0
133886.0
133896.0
133906.0
133916.0
133926.0
133936.0
133946.0
133956.0
133966.0
133976.0
133986.0
133996.0
134006.0
134016.0
134026.0
243006.0
243014.27254785364
243014.27255592705
243016.0
243024.27256400045
243024.27257207385
243026.0
243027.8549001686
243027.854908242
243027.8549163154
243027.8549243888
243027.8549324622
243027.85494053562
243027.85494860902
243027.85495668242
243027.85496475582
243027.85497282923
243036.0
243044.27254785364
243044.27255592705
243044.27256400045
243044.27257207385
243044.27258014726
243044.27258822066
243046.0
243046.6600949738
243046.6601030472
243046.6601111206
243046.660119194
243046.66012726742
243046.66013534082
243056.0
243064.27254785364
243064.27255592705
243064.27256400045
243064.27257207385
243064.27258014726
243064.27258822066
243066.0
243067.8549001686
243067.854908242
243067.8549163154
243067.8549243888
243067.8549324622
243067.85494053562
243076.0
243084.27254785364
243084.27255592705
243084.27256400045
243084.27257207385
243084.27258014726
243084.27258822066
243084.27259629406
243084.27260436746
243084.27261244087
243084.27262051427
243086.0
243086.6600949738
243086.6601030472
243086.6601111206
243086.660119194
243086.66012726742
243086.66013534082
243096.0
243104.27254785364
243104.27255592705
243104.27256400045
243104.27257207385
243104.27258014726
243104.27258822066
243106.0
243106.6600949738
243106.6601030472
243106.6601111206
243106.660119194
243106.66012726742
243106.66013534082
243116.0
243124.27254785364
243124.27255592705
243124.27256400045
243124.27257207385
243124.27258014726
243124.27258822066
243126.0
243126.6600949738
243126.6601030472
243126.6601111206
243126.660119194
243126.66012726742
243126.66013534082
243136.0
243146.0
243156.0
243166.0
243176.0
243186.0
243196.0
243206.0
243216.0
243226.0
243236.0
243246.0
243256.0
243266.0
243276.0
243286.0
243296.0
243306.0
243316.0
243326.0
243336.0
243346.0
243356.0
243366.0
243376.0
243386.0
243396.0
243406.0
243416.0
243426.0
243436.0
243446.0
243456.0
243466.0
243476.0
243486.0
243496.0
243506.0
243516.0
243526.0
243536.0
243546.0
243556.0
243566.0
243576.0
243586.0
243596.0
243606.0
243616.0
243626.0
243636.0
243646.0
243656.0
243666.0
243676.0
243686.0
243696.0
243706.0
243716.0
243726.0
243736.0
243746.0
243756.0
243766.0
243776.0
243786.0
243796.0
243806.0
243816.0
243826.0
243836.0
243846.0
243856.0
243866.0
243876.0
243886.0
243896.0
243906.0
243916.0
243926.0
243936.0
243946.0
243956.0
243964.3235502212
243964.3235582946
243966.0
243976.0
243986.0
243996.0
244006.0
244016.0
244026.0
244036.0
244046.0
243004.27254785364
243004.27255592705
243004.27256400045
243004.27257207385
243004.27258014726
243004.27258822066
243006.0
243006.6600949738
243006.6601030472
243006.6601111206
243006.660119194
243006.66012726742
243006.66013534082
243016.0
243024.27254785364
243024.27255592705
243024.27256400045
243024.27257207385
243024.27258014726
243024.27258822066
243026.0
243026.6600949738
243026.6601030472
243026.6601111206
243026.660119194
243026.66012726742
243026.66013534082
243036.0
243044.27254785364
243044.27255592705
243044.27256400045
243044.27257207385
243044.27258014726
243044.27258822066
243046.0
243046.6600949738
243046.6601030472
243046.6601111206
243046.660119194
243046.66012726742
243046.66013534082
243056.0
243064.27254785364
243064.27255592705
243064.27256400045
243064.27257207385
243064.27258014726
243064.27258822066
243066.0
243067.8549001686
243067.854908242
243067.8549163154
243067.8549243888
243067.8549324622
243067.85494053562
243076.0
243086.0
243094.27254785364
243094.27255592705
243095.465289779
243095.4652978524
243096.0
243106.0
243114.27254785364
243114.27255592705
243114.27256400045
243114.27257207385
243114.27258014726
243114.27258822066
243116.0
243116.6600949738
243116.6601030472
243116.6601111206
243116.660119194
243116.66012726742
243116.66013534082
243126.0
243136.0
243146.0
243156.0
243166.0
243176.0
243186.0
243196.0
243206.0
243216.0
243226.0
243236.0
243246.0
243256.0
243266.0
243276.0
243286.0
243296.0
243306.0
243316.0
243326.0
243336.0
243346.0
243356.0
243366.0
243376.0
243386.0
243396.0
243406.0
243416.0
243426.0
243436.0
243446.0
243456.0
243466.0
243476.0
243486.0
243496.0
243506.0
243516.0
243526.0
243536.0
243546.0
243556.0
243566.0
243576.0
243586.0
243596.0
243606.0
243616.0
243626.0
243636.0
243646.0
243656.0
243666.0
243676.0
243686.0
243696.0
243706.0
243716.0
243726.0
243736.0
243746.0
243756.0
243766.0
243776.0
243786.0
243796.0
243806.0
243816.0
243826.0
243836.0
243846.0
243856.0
243866.0
243876.0
243886.0
243896.0
243906.0
243916.0
243926.0
243936.0
243946.0
243956.0
243964.3235502212
243964.3235582946
243966.0
243976.0
243986.0
243996.0
244006.0
244016.0
244026.0
244036.0
244046.0
384003.83663153753
384003.83663961093
384006.0
384013.83663153753
384013.83663961093
384016.0
384023.83663153753
384023.83663961093
384026.0
384033.83663153753
384033.83663961093
384036.0
384043.83663153753
384043.83663961093
384046.0
384053.83663153753
384053.83663961093
384056.0
384066.0
384073.83663153753
384073.83663961093
384076.0
384083.83663153753
384083.83663961093
384086.0
384093.83663153753
384093.83663961093
384096.0
384104.03475488484
384104.03476295824
384106.0
384113.83663153753
384113.83663961093
384116.0
384124.03475488484
384124.03476295824
384126.0
384136.0
384146.0
384156.0
384166.0
384176.0
384186.0
384196.0
384206.0
384216.0
384226.0
384236.0
384246.0
384256.0
384266.0
384276.0
384286.0
384296.0
384306.0
384316.0
384326.0
384336.0
384346.0
384356.0
384366.0
384376.0
384386.0
384396.0
384406.0
384416.0
384426.0
384436.0
384446.0
384456.0
384466.0
384476.0
384486.0
384496.0
384506.0
384516.0
384526.0
384536.0
384546.0
384556.0
384566.0
384576.0
384586.0
384596.0
384606.0
384616.0
384626.0
384636.0
384646.0
384656.0
384666.0
384676.0
384686.0
384696.0
384706.0
384716.0
384726.0
384736.0
384746.0
384756.0
384766.0
384776.0
384786.0
384796.0
384806.0
384816.0
384826.0
384836.0
384846.0
384856.0
384866.0
384876.0
384886.0
384896.0
384003.83663153753
384003.83663961093
384006.0
384013.83663153753
384013.83663961093
384016.0
384023.83663153753
384023.83663961093
384026.0
384033.83663153753
384033.83663961093
384036.0
384043.83663153753
384043.83663961093
384046.0
384053.83663153753
384053.83663961093
384056.0
384066.0
384073.43793023884
384073.43793831224
384074.03475488484
384074.03476295824
384076.0
384084.03475488484
384084.03476295824
384086.0
384094.03475488484
384094.03476295824
384096.0
384104.03475488484
384104.03476295824
384106.0
384114.03475488484
384114.03476295824
384116.0
384124.03475488484
384124.03476295824
384126.0
384136.0
384146.0
384156.0
384166.0
384176.0
384186.0
384196.0
384206.0
384216.0
384226.0
384236.0
384246.0
384256.0
384266.0
384276.0
384286.0
384296.0
384306.0
384316.0
384326.0
384336.0
384346.0
384356.0
384366.0
384376.0
384386.0
384396.0
384406.0
384416.0
384426.0
384436.0
384446.0
384456.0
384466.0
384476.0
384486.0
384496.0
384506.0
384516.0
384526.0
384536.0
384546.0
384556.0
384566.0
384576.0
384586.0
384596.0
384606.0
384616.0
384626.0
384636.0
384646.0
384656.0
384666.0
384676.0
384686.0
384696.0
384706.0
384716.0
384726.0
384736.0
384746.0
384756.0
384766.0
384776.0
384786.0
384796.0
384806.0
384816.0
384826.0
384836.0
384846.0
384856.0
384866.0
384876.0
384886.0
384896.0
500006.0
500016.0
500018.53393425426
500018.53394216415
500018.53395007405
500018.53395798395
500018.53396589385
500018.53397380374
500026.0
500036.0
500046.0
500056.0
500056.64172646205
500056.64173437195
500056.64174228185
500056.64175019175
500056.64175810164
500056.64176601154
500056.64177392144
500066.0
500076.0
500080.02744865767
500080.02745656756
500080.02746447746
500080.02747238736
500080.02748029726
500086.0
500096.0
500100.6248433452
500100.6248512551
500100.624859165
500100.6248670749
500100.6248749848
500100.6248828947
500100.6248908046
500100.6248987145
500100.6249066244
500100.6249145343
500100.62492244417
500100.62493035407
500106.0
500116.0
500126.0
500136.0
500146.0
500149.72873944906
500149.72874735895
500149.72875526885
500149.72876317875
500149.72877108864
500149.72877899854
500149.72878690844
500149.72879481834
500149.72880272823
500149.72881063813
500156.0
500166.0
500176.0
500180.02744865767
500180.02745656756
500180.02746447746
500186.0
500196.0
500199.43003815034
500199.43004606024
500199.43005397014
500199.43006188003
500199.43006978993
500199.4300776998
500199.4300856097
500199.4300935196
500199.4301014295
500206.0
500207.6378303582
500207.63783826807
500207.63784617797
500216.0
500226.0
500229.1313368517
500229.1313447616
500229.1313526715
500229.1313605814
500229.1313684913
500229.1313764012
500229.13138431107
500229.13139222097
500236.0
500246.0
500248.53393425426
500248.53394216415
500248.53395007405
500248.53395798395
500248.53396589385
500248.53397380374
500256.0
500266.0
500276.0
500286.0
500296.0
500306.0
500316.0
500326.0
500336.0
500346.0
500356.0
500366.0
500376.0
500386.0
500396.0
500406.0
500416.0
500426.0
500436.0
500446.0
500456.0
500466.0
500476.0
500486.0
500496.0
500506.0
500516.0
500526.0
500536.0
500546.0
500556.0
500566.0
500576.0
500586.0
500596.0
500606.0
500616.0
500626.0
500636.0
500646.0
500656.0
500666.0
500676.0
500686.0
500696.0
500706.0
500716.0
500726.0
500730.0488966064
500736.0
500746.0
500756.0
500766.0
500776.0
500786.0
500796.0
500806.0
500816.0
500826.0
500836.0
500846.0
500856.0
500866.0
500876.0
500886.0
500896.0
500906.0
500916.0
500926.0
500936.0
500946.0
500956.0
500966.0
500976.0
500986.0
500996.0
501006.0
501016.0
501026.0
501036.0
501046.0
501056.0
501066.0
501076.0
57001.43837786463
57001.438385938025
57006.0
57016.0
57026.0
57026.31009426399
57026.31010233738
57036.0
57046.0
57056.0
57066.0
57076.0
57086.0
57096.0
57106.0
57116.0
57126.0
57136.0
57146.0
57156.0
57166.0
57176.0
57186.0
57196.0
57206.0
57216.0
57226.0
57236.0
57246.0
57256.0
57266.0
57276.0
57286.0
57296.0
57306.0
57316.0
57326.0
57336.0
57346.0
57356.0
57366.0
57376.0
57386.0
57396.0
57406.0
57416.0
57426.0
57436.0
57446.0
57456.0
57466.0
57476.0
57486.0
57496.0
57506.0
57516.0
57526.0
57536.0
57546.0
57556.0
57566.0
57576.0
57586.0
57596.0
57606.0
57616.0
57626.0
57636.0
57646.0
57656.0
57666.0
57676.0
57686.0
57696.0
57706.0
57716.0
57726.0
57736.0
57746.0
133006.0
133006.27228171285
133006.27228978625
133008.21805548406
133008.21806355746
133008.21807163086
133008.21807970427
133008.21808777767
133008.21809585107
133016.0
133026.0
133026.27228171285
133026.27228978625
133026.27229785966
133026.27230593306
133026.27231400646
133026.27232207987
133026.27233015327
133026.27233822667
133026.27234630007
133026.27235437348
133028.21805548406
133028.21806355746
133028.21807163086
133028.21807970427
133028.21808777767
133028.21809585107
133036.0
133038.21805548406
133038.21806355746
133038.21807163086
133038.21807970427
133038.21808777767
133038.21809585107
133046.0
133056.0
133056.32584769186
133056.32585576526
133056.32586383866
133056.32587191206
133056.32587998547
133056.32588805887
133056.32589613227
133056.32590420567
133056.32591227908
133056.32592035248
133058.21803933725
133058.21804741066
133058.21805548406
133058.21806355746
133058.21807163086
133058.21807970427
133066.0
133076.0
133076.27228171285
133076.27228978625
133086.0
133086.27228171285
133086.27228978625
133086.27229785966
133086.27230593306
133086.27231400646
133086.27232207987
133086.27233015327
133086.27233822667
133086.27234630007
133086.27235437348
133096.0
133096.27231400646
133096.27232207987
133096.27233015327
133096.27233822667
133096.27234630007
133096.27235437348
133099.41286067886
133099.41286875226
133099.41287682566
133099.41288489907
133099.41289297247
133099.41290104587
133099.41290911927
133099.41291719268
133099.41292526608
133099.41293333948
133106.0
133116.0
133116.27228171285
133116.27228978625
133116.27229785966
133116.27230593306
133116.27231400646
133116.27232207987
133116.27233015327
133116.27233822667
133116.27234630007
133116.27235437348
133126.0
133126.27228171285
133126.27228978625
133126.27229785966
133126.27230593306
133126.27231400646
133126.27232207987
133126.27233015327
133126.27233822667
133126.27234630007
133126.27235437348
133136.0
133146.0
133156.0
133166.0
133176.0
133186.0
133196.0
133206.0
133216.0
133226.0
133236.0
133246.0
133256.0
133266.0
133276.0
133286.0
133296.0
133306.0
133316.0
133326.0
133336.0
133346.0
133356.0
133366.0
133376.0
133386.0
133396.0
133406.0
133416.0
133426.0
133436.0
133446.0
133456.0
133466.0
133476.0
133486.0
133496.0
133506.0
133516.0
133526.0
133536.0
133546.0
133556.0
133566.0
133576.0
133586.0
133596.0
133606.0
133616.0
133626.0
133636.0
133646.0
133656.0
133666.0
133676.0
133686.0
133696.0
133706.0
133716.0
133726.0
133736.0
133746.0
133756.0
133766.0
133776.0
133786.0
133796.0
133806.0
133816.0
133826.0
133836.0
133846.0
133856.0
133866.0
133876.0
133886.0
133896.0
133906.0
133916.0
133926.0
133936.0
133946.0
133956.0
133966.0
133976.0
133986.0
133996.0
134006.0
134016.0
134026.0
243006.0
243014.27254785364
243014.27255592705
243015.465289779
243015.4652978524
243016.0
243025.7639749309
243025.7639830043
243025.7639910777
243025.7639991511
243025.7640072245
243025.7640152979
243026.0
243036.0
243046.0
243054.27254785364
243054.27255592705
243056.0
243066.0
243075.465289779
243075.4652978524
243076.0
243086.0
243094.27254785364
243094.27255592705
243094.27256400045
243094.27257207385
243094.27258014726
243094.27258822066
243096.0
243106.0
243114.27254785364
243114.27255592705
243116.0
243126.0
243136.0
243146.0
243156.0
243166.0
243176.0
243186.0
243196.0
243206.0
243216.0
243226.0
243236.0
243246.0
243256.0
243266.0
243276.0
243286.0
243296.0
243306.0
243316.0
243326.0
243336.0
243346.0
243356.0
243366.0
243376.0
243386.0
243396.0
243406.0
243416.0
243426.0
243436.0
243446.0
243456.0
243466.0
243476.0
243486.0
243496.0
243506.0
243516.0
243526.0
243536.0
243546.0
243556.0
243566.0
243576.0
243586.0
243596.0
243606.0
243616.0
243626.0
243636.0
243646.0
243656.0
243666.0
243676.0
243686.0
243696.0
243706.0
243716.0
243726.0
243736.0
243746.0
243756.0
243766.0
243776.0
243786.0
243796.0
243806.0
243816.0
243826.0
243836.0
243846.0
243856.0
243866.0
243876.0
243886.0
243896.0
243906.0
243916.0
243926.0
243936.0
243946.0
243956.0
243964.3235502212
243964.3235582946
243966.0
243976.0
243986.0
243996.0
244006.0
244016.0
244026.0
244036.0
244046.0
57001.43837786463
57001.438385938025
57006.0
57016.0
57026.0
57026.31009426399
57026.31010233738
57036.0
57046.0
57056.0
57066.0
57076.0
57086.0
57096.0
57106.0
57116.0
57126.0
57136.0
57146.0
57156.0
57166.0
57176.0
57186.0
57196.0
57206.0
57216.0
57226.0
57236.0
57246.0
57256.0
57266.0
57276.0
57286.0
57296.0
57306.0
57316.0
57326.0
57336.0
57346.0
57356.0
57366.0
57376.0
57386.0
57396.0
57406.0
57416.0
57426.0
57436.0
57446.0
57456.0
57466.0
57476.0
57486.0
57496.0
57506.0
57516.0
57526.0
57536.0
57546.0
57556.0
57566.0
57576.0
57586.0
57596.0
57606.0
57616.0
57626.0
57636.0
57646.0
57656.0
57666.0
57676.0
57686.0
57696.0
57706.0
57716.0
57726.0
57736.0
57746.0
133006.0
133016.0
133016.27228171285
133016.27228978625
133018.21805548406
133018.21806355746
133018.21807163086
133018.21807970427
133018.21808777767
133018.21809585107
133026.0
133036.0
133037.02325028926
133037.02325836266
133046.0
133056.0
133056.32584769186
133056.32585576526
133058.21803933725
133058.21804741066
133058.21805548406
133058.21806355746
133058.21807163086
133058.21807970427
133066.0
133076.0
133076.27228171285
133076.27228978625
133076.27229785966
133076.27230593306
133076.27231400646
133076.27232207987
133079.41286067886
133079.41286875226
133079.41287682566
133079.41288489907
133079.41289297247
133079.41290104587
133079.41290911927
133079.41291719268
133079.41292526608
133079.41293333948
133086.0
133096.0
133096.27228171285
133096.27228978625
133096.27229785966
133096.27230593306
133096.27231400646
133096.27232207987
133096.27233015327
133096.27233822667
133096.27234630007
133096.27235437348
133106.0
133106.27228171285
133106.27228978625
133106.27229785966
133106.27230593306
133106.27231400646
133106.27232207987
133106.27233015327
133106.27233822667
133106.27234630007
133106.27235437348
133116.0
133116.27228171285
133116.27228978625
133116.27229785966
133116.27230593306
133116.27231400646
133116.27232207987
133116.27233015327
133116.27233822667
133116.27234630007
133116.27235437348
133126.0
133127.02323414246
133127.02324221586
133136.0
133146.0
133156.0
133166.0
133176.0
133186.0
133196.0
133206.0
133216.0
133226.0
133236.0
133246.0
133256.0
133266.0
133276.0
133286.0
133296.0
133306.0
133316.0
133326.0
133336.0
133346.0
133356.0
133366.0
133376.0
133386.0
133396.0
133406.0
133416.0
133426.0
133436.0
133446.0
133456.0
133466.0
133476.0
133486.0
133496.0
133506.0
133516.0
133526.0
133536.0
133546.0
133556.0
133566.0
133576.0
133586.0
133596.0
133606.0
133616.0
133626.0
133636.0
133646.0
133656.0
133666.0
133676.0
133686.0
133696.0
133706.0
133716.0
133726.0
133736.0
133746.0
133756.0
133766.0
133776.0
133786.0
133796.0
133806.0
133816.0
133826.0
133836.0
133846.0
133856.0
133866.0
133876.0
133886.0
133896.0
133906.0
133916.0
133926.0
133936.0
133946.0
133956.0
133966.0
133976.0
133986.0
133996.0
134006.0
134016.0
134026.0
57001.43837786463
57001.438385938025
57006.0
57016.0
57026.0
57026.31009426399
57026.31010233738
57036.0
57046.0
57056.0
57066.0
57076.0
57086.0
57096.0
57106.0
57116.0
57126.0
57136.0
57146.0
57156.0
57166.0
57176.0
57186.0
57196.0
57206.0
57216.0
57226.0
57236.0
57246.0
57256.0
57266.0
57276.0
57286.0
57296.0
57306.0
57316.0
57326.0
57336.0
57346.0
57356.0
57366.0
57376.0
57386.0
57396.0
57406.0
57416.0
57426.0
57436.0
57446.0
57456.0
57466.0
57476.0
57486.0
57496.0
57506.0
57516.0
57526.0
57536.0
57546.0
57556.0
57566.0
57576.0
57586.0
57596.0
57606.0
57616.0
57626.0
57636.0
57646.0
57656.0
57666.0
57676.0
57686.0
57696.0
57706.0
57716.0
57726.0
57736.0
57746.0
57001.43837786463
57001.438385938025
57006.0
57016.0
57026.0
57026.31009426399
57026.31010233738
57036.0
57046.0
57056.0
57066.0
57076.0
57086.0
57096.0
57106.0
57116.0
57126.0
57136.0
57146.0
57156.0
57166.0
57176.0
57186.0
57196.0
57206.0
57216.0
57226.0
57236.0
57246.0
57256.0
57266.0
57276.0
57286.0
57296.0
57306.0
57316.0
57326.0
57336.0
57346.0
57356.0
57366.0
57376.0
57386.0
57396.0
57406.0
57416.0
57426.0
57436.0
57446.0
57456.0
57466.0
57476.0
57486.0
57496.0
57506.0
57516.0
57526.0
57536.0
57546.0
57556.0
57566.0
57576.0
57586.0
57596.0
57606.0
57616.0
57626.0
57636.0
57646.0
57656.0
57666.0
57676.0
57686.0
57696.0
57706.0
57716.0
57726.0
57736.0
57746.0
133006.0
133016.0
133016.27228171285
133016.27228978625
133016.27229785966
133016.27230593306
133016.27231400646
133016.27232207987
133016.27233015327
133016.27233822667
133016.27234630007
133016.27235437348
133018.21805548406
133018.21806355746
133018.21807163086
133018.21807970427
133018.21808777767
133018.21809585107
133026.0
133036.0
133036.27228171285
133036.27228978625
133036.27229785966
133036.27230593306
133036.27231400646
133036.27232207987
133036.27233015327
133036.27233822667
133036.27234630007
133036.27235437348
133046.0
133047.02325028926
133047.02325836266
133056.0
133058.21805548406
133058.21806355746
133058.21807163086
133058.21807970427
133058.21808777767
133058.21809585107
133066.0
133076.0
133076.27228171285
133076.27228978625
133076.27229785966
133076.27230593306
133076.27231400646
133076.27232207987
133086.0
133087.02323414246
133087.02324221586
133096.0
133098.21803933725
133098.21804741066
133098.21805548406
133098.21806355746
133098.21807163086
133098.21807970427
133106.0
133108.21803933725
133108.21804741066
133108.21805548406
133108.21806355746
133108.21807163086
133108.21807970427
133116.0
133118.21805548406
133118.21806355746
133118.21807163086
133118.21807970427
133118.21808777767
133118.21809585107
133126.0
133129.41286067886
133129.41286875226
133129.41287682566
133129.41288489907
133129.41289297247
133129.41290104587
133129.41290911927
133129.41291719268
133129.41292526608
133129.41293333948
133136.0
133146.0
133156.0
133166.0
133176.0
133186.0
133196.0
133206.0
133216.0
133226.0
133236.0
133246.0
133256.0
133266.0
133276.0
133286.0
133296.0
133306.0
133316.0
133326.0
133336.0
133346.0
133356.0
133366.0
133376.0
133386.0
133396.0
133406.0
133416.0
133426.0
133436.0
133446.0
133456.0
133466.0
133476.0
133486.0
133496.0
133506.0
133516.0
133526.0
133536.0
133546.0
133556.0
133566.0
133576.0
133586.0
133596.0
133606.0
133616.0
133626.0
133636.0
133646.0
133656.0
133666.0
133676.0
133686.0
133696.0
133706.0
133716.0
133726.0
133736.0
133746.0
133756.0
133766.0
133776.0
133786.0
133796.0
133806.0
133816.0
133826.0
133836.0
133846.0
133856.0
133866.0
133876.0
133886.0
133896.0
133906.0
133916.0
133926.0
133936.0
133946.0
133956.0
133966.0
133976.0
133986.0
133996.0
134006.0
134016.0
134026.0
243006.0
243014.27254785364
243014.27255592705
243014.27256400045
243014.27257207385
243014.27258014726
243014.27258822066
243016.0
243016.6600949738
243016.6601030472
243016.6601111206
243016.660119194
243016.66012726742
243016.66013534082
243026.0
243036.0
243046.0
243054.27254785364
243054.27255592705
243055.465289779
243055.4652978524
243056.0
243066.0
243067.8549001686
243067.854908242
243067.8549163154
243067.8549243888
243067.8549324622
243067.85494053562
243076.0
243086.0
243094.27254785364
243094.27255592705
243096.0
243106.0
243114.27254785364
243114.27255592705
243116.0
243126.0
243136.0
243146.0
243156.0
243166.0
243176.0
243186.0
243196.0
243206.0
243216.0
243226.0
243236.0
243246.0
243256.0
243266.0
243276.0
243286.0
243296.0
243306.0
243316.0
243326.0
243336.0
243346.0
243356.0
243366.0
243376.0
243386.0
243396.0
243406.0
243416.0
243426.0
243436.0
243446.0
243456.0
243466.0
243476.0
243486.0
243496.0
243506.0
243516.0
243526.0
243536.0
243546.0
243556.0
243566.0
243576.0
243586.0
243596.0
243606.0
243616.0
243626.0
243636.0
243646.0
243656.0
243666.0
243676.0
243686.0
243696.0
243706.0
243716.0
243726.0
243736.0
243746.0
243756.0
243766.0
243776.0
243786.0
243796.0
243806.0
243816.0
243826.0
243836.0
243846.0
243856.0
243866.0
243876.0
243886.0
243896.0
243906.0
243916.0
243926.0
243936.0
243946.0
243956.0
243964.3235502212
243964.3235582946
243966.0
243976.0
243986.0
243996.0
244006.0
244016.0
244026.0
244036.0
244046.0
384003.83663153753
384003.83663961093
384006.0
384013.83663153753
384013.83663961093
384016.0
384023.83663153753
384023.83663961093
384026.0
384033.83663153753
384033.83663961093
384036.0
384043.83663153753
384043.83663961093
384046.0
384053.83663153753
384053.83663961093
384056.0
384065.92697882385
384065.92698689725
384066.0
384073.83663153753
384073.83663961093
384076.0
384083.83663153753
384083.83663961093
384086.0
384094.03475488484
384094.03476295824
384096.0
384103.83663153753
384103.83663961093
384106.0
384114.03475488484
384114.03476295824
384116.0
384123.83663153753
384123.83663961093
384126.0
384136.0
384146.0
384156.0
384166.0
384176.0
384186.0
384196.0
384206.0
384216.0
384226.0
384236.0
384246.0
384256.0
384266.0
384276.0
384286.0
384296.0
384306.0
384316.0
384326.0
384336.0
384346.0
384356.0
384366.0
384376.0
384386.0
384396.0
384406.0
384416.0
384426.0
384436.0
384446.0
384456.0
384466.0
384476.0
384486.0
384496.0
384506.0
384516.0
384526.0
384536.0
384546.0
384556.0
384566.0
384576.0
384586.0
384596.0
384606.0
384616.0
384626.0
384636.0
384646.0
384656.0
384666.0
384676.0
384686.0
384696.0
384706.0
384716.0
384726.0
384736.0
384746.0
384756.0
384766.0
384776.0
384786.0
384796.0
384806.0
384816.0
384826.0
384836.0
384846.0
384856.0
384866.0
384876.0
384886.0
384896.0
500006.0
500016.0
500026.0
500036.0
500046.0
500056.0
500066.0
500076.0
500086.0
500096.0
500106.0
500116.0
500126.0
500136.0
500136.64172646205
500136.64173437195
500136.64174228185
500136.64175019175
500136.64175810164
500136.64176601154
500136.64177392144
500136.64178183133
500136.64178974123
500136.64179765113
500136.641805561
500136.6418134709
500136.6418213808
500136.6418292907
500136.6418372006
500136.6418451105
500136.6418530204
500136.6418609303
500136.6418688402
500146.0
500156.0
500166.0
500176.0
500186.0
500196.0
500206.0
500216.0
500226.0
500236.0
500246.0
500256.0
500266.0
500276.0
500286.0
500296.0
500306.0
500316.0
500326.0
500336.0
500346.0
500356.0
500366.0
500376.0
500386.0
500396.0
500406.0
500416.0
500426.0
500436.0
500446.0
500456.0
500466.0
500476.0
500486.0
500496.0
500506.0
500516.0
500526.0
500536.0
500546.0
500556.0
500566.0
500576.0
500586.0
500596.0
500606.0
500616.0
500626.0
500636.0
500646.0
500656.0
500666.0
500676.0
500686.0
500696.0
500706.0
500716.0
500726.0
500730.0488966064
500736.0
500746.0
500756.0
500766.0
500776.0
500786.0
500796.0
500806.0
500816.0
500826.0
500836.0
500846.0
500856.0
500866.0
500876.0
500886.0
500896.0
500906.0
500916.0
500926.0
500936.0
500946.0
500956.0
500966.0
500976.0
500986.0
500996.0
501006.0
501016.0
501026.0
501036.0
501046.0
501056.0
501066.0
501076.0
