103002.76517853221
103002.76518621785
103006.0
103016.0
103026.0
103036.0
103046.0
103056.0
103066.0
103076.0
103086.0
103096.0
103106.0
103116.0
103126.0
103136.0
103146.0
103156.0
103166.0
103176.0
103186.0
103196.0
103206.0
103216.0
103226.0
103236.0
103246.0
103256.0
103266.0
103276.0
103286.0
103296.0
103306.0
103316.0
103326.0
103336.0
103346.0
103356.0
103366.0
103376.0
103386.0
103396.0
103406.0
103416.0
103426.0
103436.0
103446.0
103456.0
103466.0
103476.0
103486.0
103496.0
103506.0
103516.0
103526.0
103536.0
103546.0
103556.0
103566.0
103576.0
103586.0
103596.0
103606.0
103616.0
103626.0
103636.0
103646.0
103656.0
103666.0
103676.0
103686.0
103696.0
103706.0
103716.0
103726.0
103736.0
103746.0
103006.0
103016.0
103026.0
103036.0
103046.0
103056.0
103066.0
103076.0
103086.0
103096.0
103106.0
103116.0
103126.0
103136.0
103146.0
103156.0
103166.0
103176.0
103186.0
103196.0
103206.0
103216.0
103226.0
103236.0
103246.0
103256.0
103266.0
103276.0
103286.0
103296.0
103306.0
103316.0
103326.0
103336.0
103346.0
103356.0
103366.0
103376.0
103386.0
103396.0
103406.0
103416.0
103426.0
103436.0
103446.0
103456.0
103466.0
103476.0
103486.0
103496.0
103506.0
103516.0
103526.0
103536.0
103546.0
103556.0
103566.0
103576.0
103586.0
103596.0
103606.0
103616.0
103626.0
103636.0
103646.0
103656.0
103666.0
103676.0
103686.0
103696.0
103706.0
103716.0
103726.0
103736.0
103746.0
103002.76517853221
103002.76518621785
103006.0
103016.0
103026.0
103036.0
103046.0
103056.0
103066.0
103076.0
103086.0
103096.0
103106.0
103116.0
103126.0
103136.0
103146.0
103156.0
103166.0
103176.0
103186.0
103196.0
103206.0
103216.0
103226.0
103236.0
103246.0
103256.0
103266.0
103276.0
103286.0
103296.0
103306.0
103316.0
103326.0
103336.0
103346.0
103356.0
103366.0
103376.0
103386.0
103396.0
103406.0
103416.0
103426.0
103436.0
103446.0
103456.0
103466.0
103476.0
103486.0
103496.0
103506.0
103516.0
103526.0
103536.0
103546.0
103556.0
103566.0
103576.0
103586.0
103596.0
103606.0
103616.0
103626.0
103636.0
103646.0
103656.0
103666.0
103676.0
103686.0
103696.0
103706.0
103716.0
103726.0
103736.0
103746.0
103002.76517853221
103002.76518621785
103006.0
103016.0
103026.0
103036.0
103046.0
103056.0
103066.0
103076.0
103086.0
103096.0
103106.0
103116.0
103126.0
103136.0
103146.0
103156.0
103166.0
103176.0
103186.0
103196.0
103206.0
103216.0
103226.0
103236.0
103246.0
103256.0
103266.0
103276.0
103286.0
103296.0
103306.0
103316.0
103326.0
103336.0
103346.0
103356.0
103366.0
103376.0
103386.0
103396.0
103406.0
103416.0
103426.0
103436.0
103446.0
103456.0
103466.0
103476.0
103486.0
103496.0
103506.0
103516.0
103526.0
103536.0
103546.0
103556.0
103566.0
103576.0
103586.0
103596.0
103606.0
103616.0
103626.0
103636.0
103646.0
103656.0
103666.0
103676.0
103686.0
103696.0
103706.0
103716.0
103726.0
103736.0
103746.0
103002.76517853221
103002.76518621785
103006.0
103016.0
103026.0
103036.0
103046.0
103056.0
103066.0
103076.0
103086.0
103096.0
103106.0
103116.0
103126.0
103136.0
103146.0
103156.0
103166.0
103176.0
103186.0
103196.0
103206.0
103216.0
103226.0
103236.0
103246.0
103256.0
103266.0
103276.0
103286.0
103296.0
103306.0
103316.0
103326.0
103336.0
103346.0
103356.0
103366.0
103376.0
103386.0
103396.0
103406.0
103416.0
103426.0
103436.0
103446.0
103456.0
103466.0
103476.0
103486.0
103496.0
103506.0
103516.0
103526.0
103536.0
103546.0
103556.0
103566.0
103576.0
103586.0
103596.0
103606.0
103616.0
103626.0
103636.0
103646.0
103656.0
103666.0
103676.0
103686.0
103696.0
103706.0
103716.0
103726.0
103736.0
103746.0
