0
12.743214769190672
17.099999999998545
22.041386482211237
138.3280710469844
147.6306684495794
157.57710247057548
157.6306684495794
157.78680857325526
157.78680857326253
157.7868085733353
157.99649852926086
0
12.743214769190672
0
12.743214769190672
17.099999999998545
22.041386482211237
17.099999999998545
22.041386482211237
22.045812171767466
138.3280710469844
138.328087193775
147.78680857325526
147.99649852913717
148.05006450814108
157.99649852913717
138.3280710469844
147.6306684495794
157.6306684495794
157.78680857325526
157.99649852913717
158.1232502892817
157.99649852926086
167.99649852926086
167.7868085733353
1076.926779586327
1197.1000000000058
1075.938060934859
1248.3548967837123
1298.721853062394
1327.0999999999767
1338.6694307368016
1438.3548967837123
1458.2500521326438
1467.0999999999767
1537.0999999999767
1588.4597414347809
1598.3548967837123
1818.4597414347809
1838.3548967837123
1848.3548967837123
2758.459741434781
2787.0999999999767
2827.0999999999767
2967.0999999999767
3008.459741434781
3648.2500521326438
3798.2500521326438
3808.2500521326438
3819.717877247487
4147.099999999977
5327.099999999977
5488.669430736802
5508.354896783712
5557.099999999977
5768.459741434781
7308.6170084113255
7318.459741434781
9118.669430736802
9608.354896783712
9957.099999999977
10488.826697713463
10538.45974143478
10947.099999999977
11418.931542364531
11448.354896783712
12108.45974143478
12118.669430736802
12468.45974143478
13718.77427538787
16768.250052132644
16848.354896783712
16858.6694307368
16898.93154236453
17448.45974143478
17488.354896783712
17528.6694307368
18548.617008411326
19538.40731910919
19548.354896783712
19658.354896783712
19658.45974143478
19768.45974143478
19798.6694307368
19858.354896783712
19958.250052132644
20068.354896783712
20078.512163760257
20118.6694307368
20138.354896783712
20238.354896783712
20328.354896783712
20418.354896783712
20428.6694307368
20478.6694307368
20628.512163760257
0
12.743214769190672
17.099999999998545
22.041386482211237
138.3280710469844
147.6306684495794
157.6306684495794
157.99649852913717
157.99649852926086
158.05006450826477
1076.7170896304015
0
12.743214769190672
17.099999999998545
22.041386482211237
138.3280710469844
147.6306684495794
147.78680857325526
147.99649852913717
148.05006450814108
157.78680857325526
158.05006450814108
166.07270793936914
0
12.743214769190672
17.099999999998545
22.041386482211237
138.3280710469844
147.6306684495794
157.6306684495794
158.05006450814108
0
12.743214769190672
22.041386482211237
138.3280710469844
138.328087193775
147.78680857325526
147.99649852913717
148.05006450814108
157.99648238234658
157.99649852926086
177.7868085733353
1075.7283709789626
1108.5232087832992
1467.0999999999767
1657.0999999999767
2008.1038301794906
2017.9989855285385
2028.1038301794906
2037.9989855285385
2047.8941408775863
2057.9989855285385
2507.0999999999767
2677.0999999999767
3498.6170084113255
3498.6694307368016
3508.3548967837123
3508.6694307368016
6547.099999999977
6558.354896783712
6588.407319109188
6648.354896783712
6658.512163760257
6788.354896783712
6838.354896783712
6868.6170084113255
6887.099999999977
7797.099999999977
8558.45974143478
8588.617008411326
9068.354896783712
9228.617008411326
9248.250052132644
10128.30247445812
10208.250052132644
10268.617008411326
10268.669430736802
11398.250052132644
11428.354896783712
11458.45974143478
11478.354896783712
13008.354896783712
13088.512163760257
13178.407319109188
13248.512163760257
13338.617008411326
13508.45974143478
13728.354896783712
13738.354896783712
13738.617008411326
13838.354896783712
13918.512163760257
14088.354896783712
14138.354896783712
16078.354896783712
16128.354896783712
16198.45974143478
16218.354896783712
16218.45974143478
16278.354896783712
18268.45974143478
19597.099999999977
21518.30247445812
21538.45974143478
21618.512163760257
21818.512163760257
22008.617008411326
22048.617008411326
22068.354896783712
23568.617008411326
23678.45974143478
23868.354896783712
23898.45974143478
23928.354896783712
25738.45974143478
25738.617008411326
25868.354896783712
25898.354896783712
25928.354896783712
25958.45974143478
25978.354896783712
26148.354896783712
26258.617008411326
26418.617008411326
26448.512163760257
26498.45974143478
26678.354896783712
26728.617008411326
26808.512163760257
26838.512163760257
26848.512163760257
26958.45974143478
27098.45974143478
28168.45974143478
28328.512163760257
28348.250052132644
28388.617008411326
28508.354896783712
28988.512163760257
29028.512163760257
29168.512163760257
29178.617008411326
29217.099999999977
29348.45974143478
29368.354896783712
30318.512163760257
30328.250052132644
30408.40731910919
30458.354896783712
30468.512163760257
30508.45974143478
30557.099999999977
31498.250052132644
31638.354896783712
31648.512163760257
33088.250052132644
33228.35489678371
33238.51216376026
34808.250052132644
34878.51216376026
34908.77427538787
36178.45974143478
36218.45974143478
37198.45974143478
37238.77427538787
37348.35489678371
37348.45974143478
37408.6694307368
