0
14.070015048961068
23.671313750259287
33.776157952670474
33.77615795272868
43.77615795272868
0
14.070015048961068
23.671313750259287
0
14.070015048961068
23.671313750259287
33.776157952670474
33.67131375025201
43.77615795272868
33.776157952670474
33.77615795272868
147.10000000000582
157.08336153168057
157.10000000000582
167.08336153168057
167.10000000000582
147.10000000000582
157.10000000000582
167.10000000000582
177.10000000000582
177.10000000000582
0
14.070015048961068
33.67131375025929
33.776157952670474
33.77615795272868
147.10000000000582
157.10000000000582
167.10000000000582
177.08336153168057
187.08336153168057
0
14.070015048961068
23.671313750259287
24.47356055007549
33.77615795272868
157.10000000000582
167.08336153168057
167.10000000000582
177.10000000000582
0
14.070015048961068
33.67131375025929
33.77615795272868
0
14.070015048961068
23.671313750259287
33.776157952670474
33.77615795272868
147.10000000000582
157.10000000000582
167.08336153168057
167.10000000000582
177.10000000000582
